1951 0 0 0 8 12 999 999 999 999 5 13
1952 5 4 6 16 10 999 999 999 999 9 8
1953 5 8 14 9 10 999 999 999 999 9 17
1954 3 0 12 23 14 999 999 999 999 3 13
1955 12 3 3 8 10 999 999 999 999 2 7
1956 0 1 7 8 3 999 999 999 999 1 12
1957 1 0 0 7 14 999 999 999 999 7 10
1958 14 13 11 30 19 999 999 999 999 5 8
1959 5 5 16 13 14 999 999 999 999 5 11
1960 0 3 2 7 9 999 999 999 999 3 5
1961 0 1 14 11 0 999 999 999 999 0 0
1962 1 2 0 2 1 999 999 999 999 2 10
1963 0 0 3 0 3 999 999 999 999 2 5
1964 6 0 9 9 11 999 999 999 999 0 2
1965 0 0 3 3 3 999 999 999 999 12 14
1966 4 8 1 5 19 999 999 999 999 10 6
1967 2 4 2 11 7 999 999 999 999 7 0
1968 0 0 0 1 7 999 999 999 999 1 1
1969 0 1 9 11 1 999 999 999 999 0 0
1970 0 2 2 2 0 999 999 999 999 0 0
1971 0 0 0 0 0 999 999 999 999 0 0
1972 0 0 0 0 0 999 999 999 999 2 0
1973 1 0 0 7 4 999 999 999 999 0 0
1974 0 0 0 0 0 999 999 999 999 0 0
1975 0 0 0 3 1 999 999 999 999 0 1
1976 0 0 0 3 4 999 999 999 999 0 0
1977 0 0 8 2 1 999 999 999 999 4 0
1978 0 0 0 2 4 999 999 999 999 0 1
1979 0 0 1 2 4 999 999 999 999 1 2
1980 5 6 6 10 12 999 999 999 999 0 0
1981 0 0 1 5 3 999 999 999 999 0 0
1982 0 0 1 3 1 999 999 999 999 8 4
1983 6 5 15 11 13 999 999 999 999 0 3
1984 0 0 1 0 5 999 999 999 999 0 0
1985 0 0 8 3 3 999 999 999 999 0 0
1986 0 0 0 2 5 999 999 999 999 2 2
1987 4 1 0 14 9 999 999 999 999 3 3
1988 1 1 4 9 13 999 999 999 999 1 3
1989 2 7 0 10 6 999 999 999 999 5 10
1990 2 5 14 19 2 999 999 999 999 9 3
1991 2 2 4 4 11 999 999 999 999 0 4
1992 1 3 18 11 8 999 999 999 999 1 1
1993 2 1 4 12 20 999 999 999 999 11 3
1994 1 1 10 9 19 999 999 999 999 8 4
1995 3 4 8 14 7 999 999 999 999 3 3
1996 0 0 0 1 9 999 999 999 999 0 0
1997 0 2 4 0 6 999 999 999 999 11 8
1998 16 19 23 33 32 999 999 999 999 2 0
1999 0 1 0 5 0 999 999 999 999 1 2
2000 0 0 1 4 3 999 999 999 999 3 2
2001 0 1 1 5 6 999 999 999 999 6 2
2002 0 6 4 8 14 999 999 999 999 3 3
2003 6 2 5 11 20 999 999 999 999 4 7
2004 0 8 9 11 5 999 999 999 999 3 5
2005 0 3 6 10 5 999 999 999 999 3 2
2006 1 3 0 3 4 999 999 999 999 4 0
2007 10 0 4 1 2 999 999 999 999 0 0
2008 0 0 0 0 1 999 999 999 999 3 2
2009 0 0 0 0 3 999 999 999 999 0 0
2010 0 4 16 22 14 999 999 999 999 0 0
2011 0 0 0 0 2 999 999 999 999 0 2
2012 0 0 0 0 0 999 999 999 999 0 0
2013 0 0 0 0 0 999 999 999 999 0 0
2014 0 0 0 0 0 999 999 999 0 0 1
2015 0 0 1 1 5 999 999 999 999 12 3
2016 3 15 14 19 9 999 999 999 999 3 8
