1951 3 0 7 30 133 202 435 474 323 120 92
1952 45 34 46 88 129 393 474 353 235 123 44
1953 28 29 34 64 126 294 486 417 193 134 85
1954 19 0 35 67 102 177 373 313 238 95 36
1955 24 5 16 22 136 251 345 318 248 89 48
1956 0 3 24 42 89 227 277 188 104 96 41
1957 18 5 11 46 53 146 241 245 152 63 45
1958 81 60 68 108 147 316 363 322 187 82 52
1959 23 47 86 64 96 253 399 329 241 177 86
1960 36 37 36 47 156 336 443 507 287 155 70
1961 31 16 55 99 105 239 327 426 189 48 35
1962 42 20 11 50 114 200 358 376 263 105 72
1963 2 6 10 8 42 193 332 314 213 29 40
1964 25 18 27 19 73 81 210 188 168 24 2
1965 2 1 10 11 55 218 272 193 128 74 60
1966 36 33 15 38 121 237 276 304 164 48 23
1967 5 6 4 30 53 98 265 245 86 65 14
1968 0 1 12 17 39 189 356 279 157 40 38
1969 3 26 100 105 178 307 457 295 194 61 43
1970 35 46 48 131 124 281 309 343 169 34 13
1971 0 5 7 15 47 157 174 144 60 59 18
1972 0 0 0 6 37 109 220 206 113 66 64
1973 26 46 33 57 86 147 251 244 227 10 13
1974 0 0 0 0 22 74 184 192 73 47 17
1975 4 0 0 14 29 133 215 213 173 56 25
1976 3 4 3 29 72 131 215 258 144 61 36
1977 17 47 47 29 88 170 251 302 200 140 47
1978 28 55 53 50 101 204 213 251 121 54 45
1979 23 14 21 66 131 264 482 236 159 124 33
1980 16 17 35 83 172 414 387 342 221 158 79
1981 13 13 47 74 124 247 358 235 212 73 58
1982 6 4 9 28 97 240 285 341 192 49 42
1983 81 74 119 116 206 302 458 429 249 136 101
1984 3 5 34 37 95 145 159 224 70 41 19
1985 7 1 24 0 67 207 253 280 126 47 17
1986 6 0 9 49 72 170 370 241 166 132 51
1987 53 42 42 135 144 327 405 403 287 172 110
1988 60 24 64 72 164 274 541 358 214 79 63
1989 13 17 0 17 108 226 391 224 161 87 34
1990 14 16 47 51 120 274 305 411 268 134 35
1991 29 23 37 48 163 309 443 417 287 33 61
1992 41 35 101 81 76 191 313 411 102 56 30
1993 11 6 31 120 194 305 362 368 216 135 65
1994 7 18 79 87 225 312 399 459 233 112 122
1995 94 66 66 127 221 362 349 443 398 160 103
1996 3 3 11 42 164 249 429 327 126 69 12
1997 1 12 15 24 84 185 428 410 227 127 75
1998 118 186 164 248 346 458 552 583 273 176 55
1999 5 31 3 61 96 207 327 306 142 87 20
2000 0 17 21 44 105 226 257 313 102 58 34
2001 26 14 23 73 152 204 367 517 200 133 53
2002 38 84 62 60 154 317 548 391 233 75 111
2003 88 55 65 111 206 269 563 553 336 152 63
2004 32 66 53 102 194 334 358 476 259 121 82
2005 29 71 132 155 165 299 579 435 407 199 78
2006 26 58 24 54 185 329 601 395 277 190 51
2007 105 58 46 131 200 286 485 425 269 116 47
2008 9 20 7 20 112 262 392 321 263 203 91
2009 21 15 23 102 133 270 530 519 415 157 43
2010 61 86 158 204 282 504 645 596 302 114 25
2011 1 1 9 33 150 286 373 401 304 69 34
2012 4 4 17 43 117 228 304 328 201 50 41
2013 41 37 68 67 154 222 319 286 191 110 35
2014 10 1 37 90 144 227 410 362 215 64 64
2015 11 5 21 45 157 248 357 349 210 217 85
2016 116 110 155 152 238 389 454 398 371 133 79
