1951 3 0 0 9 97 188 379 415 291 91 45
1952 26 12 35 60 107 334 400 307 198 93 31
1953 13 12 20 42 94 247 396 344 168 70 34
1954 14 0 17 29 59 90 334 272 193 46 5
1955 0 0 1 4 94 207 300 284 188 66 31
1956 0 0 9 15 75 204 218 162 84 70 11
1957 17 5 8 33 33 84 183 195 86 35 4
1958 16 17 28 46 93 233 289 245 134 60 21
1959 3 29 51 40 49 170 308 266 176 98 29
1960 17 3 31 28 112 211 340 369 177 102 34
1961 18 11 23 59 65 204 265 330 125 32 13
1962 33 7 0 26 75 155 286 271 182 33 23
1963 0 0 4 2 30 135 259 255 115 12 0
1964 6 3 9 6 58 58 169 159 102 2 0
1965 0 1 1 5 38 176 246 177 98 41 15
1966 3 11 10 23 79 160 217 238 113 11 1
1967 0 1 2 19 43 81 233 203 62 29 9
1968 0 1 11 16 31 136 296 244 138 31 12
1969 3 20 56 60 133 210 358 243 144 43 24
1970 26 34 29 91 99 191 235 266 123 13 2
1971 0 5 7 15 30 104 140 130 39 20 3
1972 0 0 0 0 29 87 210 175 94 24 1
1973 9 0 0 12 54 107 212 196 141 1 0
1974 0 0 0 0 21 71 170 176 58 0 0
1975 0 0 0 9 24 101 191 193 149 41 24
1976 3 4 3 22 62 120 196 211 125 29 10
1977 8 22 17 17 71 131 231 266 168 92 22
1978 15 12 22 23 76 171 201 205 90 20 21
1979 0 4 7 38 89 195 350 201 107 76 8
1980 6 2 16 41 119 308 301 287 170 96 24
1981 0 0 14 32 91 177 284 191 153 42 14
1982 1 0 2 15 60 189 231 302 152 31 7
1983 12 19 28 58 136 207 335 344 188 65 48
1984 0 1 3 24 61 129 155 198 77 26 1
1985 0 0 7 3 53 169 212 243 82 25 1
1986 0 0 5 28 62 121 306 225 141 60 13
1987 16 15 8 74 99 254 308 302 225 89 37
1988 12 1 23 25 108 193 380 271 161 36 17
1989 4 4 0 6 66 181 307 204 126 51 12
1990 1 2 11 12 79 224 261 321 190 75 18
1991 15 7 11 15 96 244 337 344 202 15 13
1992 5 15 27 35 43 107 217 275 80 24 4
1993 1 0 9 32 85 181 248 244 139 53 20
1994 1 3 23 36 111 184 273 305 140 32 56
1995 33 25 17 42 108 197 219 265 206 56 41
1996 0 1 7 25 115 180 329 274 113 40 1
1997 0 5 5 12 69 148 356 340 171 58 28
1998 27 69 58 129 221 327 404 408 213 118 24
1999 1 12 3 46 87 179 276 264 104 54 12
2000 0 4 5 31 89 190 234 284 96 35 8
2001 3 5 6 41 111 179 325 403 157 94 32
2002 14 25 25 39 117 246 432 316 182 34 39
2003 35 32 34 74 155 200 422 374 233 81 26
2004 11 32 24 56 150 274 280 354 180 84 27
2005 6 32 76 91 112 206 415 325 264 106 32
2006 4 31 17 31 129 234 412 320 209 126 21
2007 35 38 24 73 127 195 323 297 181 51 14
2008 2 8 4 10 81 198 296 235 184 104 25
2009 6 7 14 58 103 182 400 377 259 82 17
2010 25 38 92 108 187 327 432 370 190 66 0
2011 0 1 6 21 109 201 296 289 193 29 11
2012 4 3 15 30 110 193 289 292 153 38 18
2013 28 19 44 45 121 197 301 250 158 88 13
2014 7 1 15 63 98 195 357 307 155 44 23
2015 4 5 8 37 112 192 297 308 172 128 32
2016 30 41 72 66 169 263 361 335 254 46 19
