1951 0 0 0 6 27 35 53 53 44 29 20
1952 15 9 21 21 27 43 54 49 36 26 13
1953 8 7 6 21 26 40 50 49 34 20 13
1954 7 0 5 7 6 27 46 45 40 14 3
1955 0 0 0 3 28 34 50 49 37 23 14
1956 0 0 6 9 28 40 52 42 25 27 7
1957 9 5 7 18 10 25 42 42 21 14 4
1958 8 8 11 16 16 40 47 41 32 18 13
1959 3 15 20 20 16 35 48 42 33 18 13
1960 10 3 11 12 35 40 45 49 37 18 14
1961 11 6 10 27 22 41 41 49 28 15 9
1962 16 6 0 11 20 30 46 50 40 15 13
1963 0 0 4 2 12 35 43 44 34 8 0
1964 4 3 7 1 11 13 37 35 26 2 0
1965 0 0 1 0 0 25 40 32 21 14 1
1966 0 2 0 2 12 21 39 38 24 0 0
1967 0 0 0 0 4 10 42 41 9 0 0
1968 0 0 0 0 1 23 45 43 25 5 1
1969 0 0 10 14 19 39 52 39 27 2 1
1970 4 0 2 22 14 37 45 48 29 2 0
1971 0 0 0 0 2 19 33 34 9 1 0
1972 0 0 0 0 5 15 40 39 18 6 1
1973 8 0 0 0 3 11 46 40 29 0 0
1974 0 0 0 0 0 6 40 36 13 0 0
1975 0 0 0 5 4 21 34 41 29 0 0
1976 0 0 0 0 1 16 34 36 16 0 3
1977 2 6 4 0 5 19 47 43 31 23 0
1978 1 4 4 1 9 37 38 42 23 4 6
1979 0 2 0 3 15 39 55 45 23 24 0
1980 2 1 5 8 23 47 52 45 38 27 9
1981 0 0 8 6 17 33 51 41 33 8 3
1982 1 0 0 6 14 36 47 52 35 12 0
1983 4 9 7 9 22 34 55 56 37 14 10
1984 0 0 0 6 6 27 36 42 5 8 0
1985 0 0 0 0 5 26 42 43 16 4 0
1986 0 0 0 1 11 31 50 42 27 17 4
1987 4 5 1 10 12 41 48 48 42 29 17
1988 7 0 9 8 22 33 56 49 33 12 5
1989 0 0 0 0 8 30 52 45 28 15 4
1990 0 1 0 2 16 44 47 54 38 22 8
1991 9 1 5 2 16 37 52 55 41 0 3
1992 2 4 11 8 6 29 49 52 28 7 3
1993 0 0 0 8 16 38 50 49 34 15 8
1994 1 0 5 10 26 41 56 55 39 6 19
1995 9 10 2 9 29 38 47 51 48 18 13
1996 0 0 0 2 18 39 54 48 25 10 0
1997 0 0 0 1 13 24 53 54 36 11 9
1998 1 15 13 22 30 44 57 57 40 32 4
1999 0 0 0 7 12 30 49 48 18 17 0
2000 0 0 0 1 12 43 40 48 25 7 3
2001 0 0 0 5 19 34 49 56 27 25 3
2002 5 3 1 5 24 41 58 55 33 8 15
2003 12 7 8 19 29 37 56 55 40 17 8
2004 5 10 2 12 19 39 48 52 33 21 7
2005 0 8 21 20 20 33 57 51 51 24 7
2006 0 9 1 1 24 40 60 51 41 32 3
2007 9 14 1 18 24 38 56 50 40 12 1
2008 0 0 0 0 14 37 53 40 33 29 0
2009 1 0 0 11 15 32 51 53 47 25 0
2010 6 12 22 18 30 53 57 52 39 17 0
2011 0 0 0 0 15 36 53 51 42 3 0
2012 0 0 0 0 10 24 48 44 32 8 4
2013 9 0 8 7 11 39 47 46 28 26 0
2014 3 0 0 6 11 28 52 42 34 9 12
2015 0 0 2 3 17 35 48 50 36 29 6
2016 12 6 15 15 29 43 53 51 46 9 0
