1951 0 0 0 0 0 0 20 24 4 0 6
1952 0 0 0 0 7 7 39 20 1 0 0
1953 0 0 0 0 0 5 50 22 0 3 0
1954 0 0 0 0 0 41 13 17 10 21 0
1955 0 0 0 0 1 5 26 21 3 0 0
1956 0 0 0 0 0 3 31 9 1 19 0
1957 0 0 0 0 4 15 17 18 21 0 3
1958 11 15 0 4 0 26 29 34 12 4 0
1959 0 0 3 0 11 22 55 43 24 20 14
1960 0 18 0 0 18 73 56 81 51 22 0
1961 0 0 0 15 11 16 27 29 23 6 0
1962 6 0 0 16 0 13 34 35 23 27 15
1963 0 0 0 0 0 13 31 19 20 0 0
1964 1 0 0 0 0 2 11 9 6 4 0
1965 0 0 0 0 0 5 3 3 0 1 0
1966 0 0 0 0 0 21 2 26 3 0 0
1967 0 0 0 0 0 3 21 17 9 4 2
1968 0 0 0 0 0 19 25 9 6 0 6
1969 0 0 0 0 1 32 45 15 17 2 0
1970 0 0 0 1 0 35 33 37 2 0 0
1971 0 0 0 0 0 5 7 2 0 0 0
1972 0 0 0 0 0 0 5 1 0 0 0
1973 0 0 0 0 0 8 17 3 23 0 0
1974 0 0 0 0 0 0 1 2 0 1 0
1975 0 0 0 0 0 4 3 3 3 1 0
1976 0 0 0 0 0 0 3 6 3 0 0
1977 0 1 0 0 0 6 6 10 4 1 0
1978 0 4 1 0 0 3 6 16 0 1 0
1979 0 0 0 0 1 12 62 10 8 5 0
1980 0 0 0 0 0 17 26 13 4 9 5
1981 3 0 1 0 0 21 30 23 8 0 3
1982 0 0 0 0 0 6 20 16 3 0 0
1983 6 4 16 2 1 17 49 29 6 4 7
1984 0 0 1 0 3 6 3 4 0 0 0
1985 0 0 0 0 0 9 21 11 0 0 0
1986 0 0 0 0 0 23 24 16 0 8 0
1987 0 0 0 1 0 14 24 32 3 4 0
1988 0 0 0 0 0 23 90 44 14 6 1
1989 0 0 0 0 0 6 39 4 0 0 0
1990 0 0 0 0 3 12 21 36 10 5 0
1991 0 0 0 0 4 8 34 39 7 0 1
1992 5 0 5 2 1 33 27 67 7 9 0
1993 0 0 0 14 19 47 46 54 18 11 3
1994 0 0 2 4 18 45 52 59 38 15 10
1995 5 4 4 8 36 57 46 64 59 20 2
1996 0 0 0 0 0 12 47 30 2 0 0
1997 0 0 0 0 0 15 35 36 8 0 1
1998 8 28 11 19 25 30 75 71 4 7 1
1999 0 0 0 0 0 5 35 20 4 1 0
2000 0 2 0 0 3 10 16 16 0 0 0
2001 2 0 0 0 0 3 19 77 14 1 0
2002 0 4 0 0 0 24 68 42 5 0 7
2003 5 1 1 1 2 15 53 68 28 10 0
2004 1 1 0 0 1 29 27 72 24 0 2
2005 1 0 2 7 7 31 87 49 46 26 3
2006 2 0 0 0 11 35 97 40 24 1 0
2007 2 0 0 3 17 41 88 61 35 19 1
2008 0 0 0 0 2 20 52 43 20 11 3
2009 0 0 0 7 9 39 59 61 67 15 0
2010 12 5 3 10 21 75 97 91 35 15 0
2011 0 0 0 0 3 23 54 54 41 0 0
2012 0 0 0 0 0 9 4 9 3 0 0
2013 0 0 0 0 0 5 3 4 8 0 0
2014 0 0 0 0 0 3 6 8 16 1 2
2015 1 0 0 0 1 5 18 20 1 19 0
2016 19 5 15 6 18 41 43 28 37 22 7
