1951 0 0 5 12 18 9 33 33 17 14 22
1952 12 14 5 10 12 26 35 24 17 14 3
1953 10 7 0 7 18 23 41 37 12 29 17
1954 2 0 3 7 14 39 19 25 19 23 8
1955 6 1 6 7 14 23 24 24 26 11 7
1956 0 1 4 10 9 14 27 21 9 17 10
1957 0 0 3 6 6 26 34 27 32 13 16
1958 28 24 17 22 20 36 33 42 29 14 10
1959 10 10 15 8 26 38 42 33 27 34 21
1960 12 19 3 8 25 54 56 53 48 29 17
1961 10 3 11 20 24 26 37 50 31 10 14
1962 8 7 7 13 20 28 42 52 42 33 22
1963 2 5 3 4 7 30 42 40 43 7 17
1964 8 10 7 4 4 17 27 23 29 14 0
1965 2 0 6 3 10 21 17 13 15 12 16
1966 15 10 4 10 14 37 31 46 23 18 10
1967 3 1 0 0 3 16 24 32 18 17 5
1968 0 0 1 0 1 31 39 26 17 8 18
1969 0 5 19 21 28 51 60 34 38 13 13
1970 9 10 14 20 19 50 48 46 23 14 9
1971 0 0 0 0 11 25 21 9 14 17 9
1972 0 0 0 6 7 17 8 19 13 22 26
1973 10 19 18 21 18 27 32 26 43 7 9
1974 0 0 0 0 1 3 11 12 12 20 11
1975 4 0 0 2 4 19 17 16 19 12 0
1976 0 0 0 4 4 7 14 26 12 19 13
1977 7 16 14 8 14 25 16 24 22 25 11
1978 11 22 16 16 16 21 10 33 19 20 12
1979 14 8 10 17 24 42 66 31 30 27 12
1980 4 9 11 19 25 47 46 39 25 31 26
1981 11 12 20 18 22 35 45 34 32 17 21
1982 5 4 5 8 23 30 31 29 25 11 21
1983 26 22 29 22 27 42 64 48 33 29 25
1984 3 4 19 8 24 15 3 20 18 12 13
1985 6 1 8 0 10 23 32 26 19 15 12
1986 5 0 4 11 5 26 37 11 14 33 18
1987 19 16 19 24 21 41 47 55 34 35 27
1988 19 14 19 18 22 42 59 49 38 24 23
1989 7 8 0 1 18 32 48 17 18 22 11
1990 9 8 16 13 26 32 33 50 35 29 12
1991 10 9 17 22 29 34 56 43 29 10 22
1992 22 11 27 21 20 53 54 63 21 26 11
1993 8 5 15 32 38 56 69 70 49 41 26
1994 4 10 21 24 43 62 68 76 51 45 33
1995 25 19 20 28 40 60 69 79 66 51 26
1996 3 2 4 11 23 42 53 37 12 20 8
1997 1 5 6 11 9 27 54 50 37 29 23
1998 29 34 30 40 42 60 72 77 34 38 21
1999 4 12 0 8 8 16 33 31 19 19 6
2000 0 10 10 9 13 21 18 22 4 13 14
2001 15 8 12 19 23 14 29 56 26 22 15
2002 17 24 16 12 20 41 57 48 33 22 31
2003 24 16 16 19 26 41 64 70 53 38 16
2004 14 19 15 22 24 46 52 56 49 16 26
2005 18 18 22 27 32 52 73 59 62 52 24
2006 15 15 6 15 35 57 70 57 50 31 19
2007 22 14 15 27 40 57 70 60 55 38 15
2008 7 10 3 10 19 42 56 52 50 45 27
2009 11 6 9 28 25 47 66 70 71 43 19
2010 26 19 23 32 40 65 81 86 61 27 16
2011 1 0 3 12 23 45 50 59 57 22 12
2012 0 1 2 11 7 20 13 26 28 11 14
2013 11 14 14 15 21 20 13 27 21 12 12
2014 3 0 15 20 23 20 30 33 34 14 24
2015 7 0 9 6 24 31 36 25 19 40 22
2016 32 25 29 31 36 62 53 35 53 36 26
