1951 3 0 0 0 52 102 174 195 146 36 6
1952 0 1 1 20 59 193 182 133 105 32 13
1953 4 0 9 14 54 135 197 163 80 29 15
1954 3 0 12 22 52 45 135 87 70 20 2
1955 0 0 1 0 44 123 144 136 92 25 8
1956 0 0 0 0 31 95 88 69 43 22 1
1957 0 0 0 3 21 47 87 99 45 11 0
1958 8 8 12 27 72 123 131 127 63 32 2
1959 0 4 12 7 23 84 117 119 74 39 3
1960 2 0 9 2 27 80 144 169 60 37 4
1961 0 1 8 5 31 84 113 125 49 4 0
1962 1 0 0 7 42 65 120 116 43 12 3
1963 0 0 0 0 14 65 121 110 52 4 0
1964 1 0 2 5 47 43 90 71 57 0 0
1965 0 1 0 5 38 111 149 100 70 24 14
1966 3 9 10 21 64 119 129 128 70 11 1
1967 0 1 2 19 39 71 112 100 53 29 9
1968 0 1 11 16 29 102 151 119 98 26 11
1969 3 20 42 46 103 134 171 143 104 41 23
1970 22 34 27 54 83 127 120 140 66 11 2
1971 0 5 7 15 26 80 73 67 30 19 3
1972 0 0 0 0 24 71 111 91 68 17 0
1973 0 0 0 12 51 96 124 119 93 1 0
1974 0 0 0 0 21 65 95 97 41 0 0
1975 0 0 0 2 20 72 131 103 97 41 24
1976 3 4 3 22 61 103 126 152 108 29 6
1977 6 15 13 17 66 104 117 141 112 59 22
1978 14 8 17 22 67 104 119 109 63 16 15
1979 0 2 7 35 72 120 193 102 75 48 8
1980 4 1 11 33 85 157 159 169 107 46 11
1981 0 0 4 25 73 117 146 107 100 31 10
1982 0 0 2 8 43 118 121 135 85 19 7
1983 7 8 18 49 104 143 175 179 111 51 36
1984 0 1 3 18 55 87 90 114 72 18 1
1985 0 0 7 5 48 122 115 134 64 21 1
1986 0 0 5 27 49 73 152 127 85 40 8
1987 12 9 7 61 81 160 162 149 120 34 20
1988 2 1 12 17 67 120 175 123 86 24 12
1989 4 4 0 6 57 122 151 96 82 36 8
1990 1 1 11 10 58 123 124 164 113 47 10
1991 3 6 6 13 76 151 165 172 113 15 10
1992 3 11 14 26 36 61 78 117 41 16 1
1993 1 0 9 22 61 107 118 115 73 29 9
1994 0 3 17 24 72 89 99 130 65 26 33
1995 22 13 15 32 61 117 84 130 107 33 24
1996 0 1 7 22 90 104 162 150 84 30 1
1997 0 5 5 11 56 108 181 170 116 43 16
1998 26 45 44 81 138 181 181 211 137 76 20
1999 1 12 3 38 73 134 121 135 81 36 12
2000 0 4 5 30 75 117 135 151 68 26 5
2001 3 5 6 36 80 118 166 204 114 60 29
2002 7 22 24 34 87 153 225 171 136 25 22
2003 19 24 24 52 104 128 212 202 152 62 18
2004 6 19 22 44 115 158 147 195 122 60 20
2005 6 23 38 57 83 134 213 172 138 67 25
2006 4 20 16 30 91 151 192 179 120 75 18
2007 24 15 23 52 88 120 156 143 107 39 13
2008 2 8 4 10 66 129 163 138 126 64 25
2009 5 7 14 47 87 133 214 196 153 46 17
2010 19 23 57 74 121 173 206 205 118 48 0
2011 0 1 6 21 85 127 146 149 103 26 11
2012 4 3 15 30 91 127 147 163 94 29 14
2013 17 19 36 36 100 120 170 130 108 44 13
2014 4 1 15 55 78 136 200 186 103 35 10
2015 4 5 6 34 92 124 166 183 120 77 26
2016 17 35 49 49 117 163 182 180 138 37 19
