1951 0 0 7 12 24 12 34 30 25 24 28
1952 13 18 5 12 5 42 32 25 31 21 5
1953 10 9 0 10 21 40 31 42 20 45 30
1954 2 0 4 8 25 44 23 24 33 18 12
1955 11 1 8 9 24 38 17 12 53 20 9
1956 0 1 5 15 10 18 12 15 18 4 17
1957 0 0 3 6 2 45 41 30 44 21 28
1958 39 15 26 26 35 42 41 38 41 12 22
1959 13 13 16 10 22 53 36 13 32 53 31
1960 19 13 3 11 17 48 47 51 55 25 28
1961 12 4 18 13 26 19 32 66 39 8 21
1962 2 10 11 5 37 32 38 69 56 41 21
1963 2 6 3 5 8 43 42 39 72 13 34
1964 11 14 8 4 4 21 30 20 58 16 0
1965 2 0 6 3 14 36 23 13 26 17 31
1966 28 14 4 10 23 52 57 40 43 25 15
1967 3 1 0 0 3 14 11 25 15 25 3
1968 0 0 1 0 1 32 35 26 11 8 18
1969 0 5 33 31 42 65 54 37 33 16 19
1970 9 10 17 37 25 55 41 38 44 21 11
1971 0 0 0 0 17 48 27 12 21 39 15
1972 0 0 0 6 8 22 5 30 18 36 62
1973 14 43 32 36 27 31 22 43 62 9 13
1974 0 0 0 0 1 3 13 14 15 46 17
1975 4 0 0 2 4 28 21 17 21 14 0
1976 0 0 0 4 6 11 16 41 16 32 26
1977 9 24 19 9 15 33 14 26 28 40 25
1978 13 38 28 23 19 30 6 30 31 33 22
1979 21 8 10 23 35 55 67 25 41 41 21
1980 4 9 12 29 39 88 60 42 46 51 50
1981 10 13 30 35 29 49 44 21 48 30 40
1982 5 4 5 10 33 44 34 23 36 16 35
1983 56 43 57 40 53 75 72 54 52 65 42
1984 3 4 28 10 26 10 1 19 19 18 18
1985 7 1 8 2 10 29 20 26 44 22 15
1986 5 0 4 16 5 26 40 0 25 60 36
1987 31 24 32 43 32 58 73 68 52 72 67
1988 46 22 35 36 42 57 70 43 39 36 41
1989 7 6 0 1 36 39 45 16 34 30 12
1990 11 9 22 20 36 36 23 44 64 44 13
1991 12 13 21 28 51 57 72 32 75 18 42
1992 30 17 47 29 21 50 69 69 15 22 25
1993 8 5 17 58 66 69 68 69 58 56 38
1994 5 13 42 36 73 83 73 91 51 51 47
1995 48 31 32 55 63 99 83 112 125 75 53
1996 3 2 4 16 39 55 44 22 11 27 11
1997 1 5 6 12 9 22 36 31 38 52 33
1998 63 66 67 61 60 96 70 94 49 45 29
1999 4 17 0 10 9 21 16 22 34 29 6
2000 0 11 15 9 10 26 7 13 6 20 24
2001 21 8 16 26 35 22 23 35 26 30 19
2002 23 45 31 13 23 45 43 30 45 36 60
2003 40 20 25 23 27 52 81 106 71 52 28
2004 20 25 19 33 36 31 51 49 50 31 47
2005 22 34 46 43 39 62 74 61 89 60 39
2006 18 23 7 20 39 60 89 31 40 53 29
2007 55 20 18 52 52 50 74 66 53 44 32
2008 7 12 3 10 28 42 43 43 57 79 59
2009 15 8 9 36 18 49 71 73 83 56 24
2010 23 36 43 57 55 89 112 125 74 32 25
2011 1 0 3 12 36 62 23 57 70 40 21
2012 0 1 2 13 7 26 11 27 45 12 23
2013 13 18 24 22 33 20 15 32 25 22 22
2014 3 0 21 27 45 29 47 47 43 18 37
2015 6 0 11 6 37 51 42 18 30 53 46
2016 61 45 48 57 38 81 49 30 76 62 42
