1951 11 11 10 11 15 19 25 32 23 24 17
1952 11 13 13 11 17 22 24 29 27 22 21
1953 11 16 10 10 13 22 27 30 25 19 19
1954 15 11 15 16 20 19 22 31 29 19 15
1955 16 11 16 17 19 23 30 22 27 23 19
1956 11 11 15 19 20 22 27 27 28 20 21
1957 11 11 15 18 13 19 25 32 23 20 16
1958 14 12 13 17 18 18 22 27 26 22 19
1959 13 15 15 16 17 18 26 27 27 19 18
1960 14 14 14 15 17 22 23 32 27 21 17
1961 15 11 13 15 18 23 29 30 29 22 18
1962 11 15 16 15 18 20 28 29 26 21 20
1963 11 11 14 13 16 23 27 25 26 21 18
1964 15 16 13 19 21 21 28 31 28 24 15
1965 11 11 10 10 21 22 26 21 25 18 19
1966 15 14 15 15 15 18 27 31 28 18 19
1967 15 11 10 10 13 19 22 31 17 22 21
1968 11 11 10 10 13 18 22 27 25 18 16
1969 11 15 13 14 16 17 25 27 26 18 18
1970 13 14 14 14 16 20 24 32 28 22 18
1971 11 11 10 10 19 22 28 30 26 23 21
1972 11 11 10 11 18 21 22 29 23 21 18
1973 11 13 13 16 17 17 25 32 24 24 19
1974 11 11 10 10 13 23 24 20 24 24 20
1975 15 11 10 15 16 22 27 34 29 22 15
1976 11 11 10 19 13 23 27 28 25 19 21
1977 15 14 15 16 17 20 27 21 25 20 19
1978 13 13 12 14 15 22 22 30 26 23 19
1979 13 13 13 16 14 20 24 28 25 20 17
1980 13 12 14 15 15 22 24 21 25 21 19
1981 14 13 13 15 15 20 28 26 24 20 18
1982 14 14 15 13 16 19 24 24 25 20 16
1983 12 12 11 14 16 18 23 20 22 23 17
1984 15 15 13 14 15 20 22 31 23 21 19
1985 14 11 13 10 14 22 26 33 28 22 15
1986 15 11 14 14 17 20 26 20 26 20 19
1987 15 14 14 16 14 18 25 26 17 20 18
1988 14 13 14 14 15 20 24 21 23 22 17
1989 15 13 10 10 16 21 24 20 27 20 17
1990 13 11 12 13 14 22 23 29 27 19 19
1991 12 14 14 15 17 22 26 23 27 26 20
1992 13 13 15 13 13 19 24 32 28 23 23
1993 14 14 13 15 15 17 22 28 25 21 20
1994 14 13 13 15 16 19 30 32 18 18 18
1995 15 13 13 16 15 17 27 29 20 22 17
1996 15 15 15 14 16 22 27 22 22 21 24
1997 11 15 14 15 15 20 25 29 21 19 17
1998 14 11 13 14 15 21 22 27 22 22 19
1999 15 15 10 15 18 24 29 31 29 23 20
2000 11 15 16 14 13 24 28 30 29 25 22
2001 15 17 14 15 15 23 28 28 27 22 17
2002 13 13 14 13 13 20 21 28 25 20 17
2003 12 13 13 14 15 19 24 29 27 20 20
2004 12 14 13 15 18 27 26 30 25 22 20
2005 13 13 13 15 13 20 26 28 28 21 18
2006 14 14 14 15 18 21 26 29 24 22 17
2007 15 12 13 14 16 18 24 31 30 22 21
2008 17 15 15 14 18 22 24 21 27 22 18
2009 14 16 13 14 15 18 27 27 25 18 19
2010 14 12 16 14 12 18 25 32 28 24 17
2011 11 11 15 13 19 22 27 32 24 24 19
2012 11 11 15 14 16 22 28 34 26 20 16
2013 14 15 13 13 15 23 27 28 29 28 17
2014 15 11 13 14 16 17 25 27 24 22 17
2015 15 11 15 16 18 22 28 28 23 21 19
2016 14 14 13 16 16 21 25 32 26 24 18
