1951 10 10 10 12 15 999 999 999 999 16 16
1952 11 10 11 12 14 999 999 999 999 18 13
1953 11 11 12 13 14 999 999 999 999 19 18
1954 13 10 12 17 20 999 999 999 999 18 16
1955 11 15 14 14 16 999 999 999 999 21 18
1956 10 10 14 17 26 999 999 999 999 20 17
1957 10 10 10 16 16 999 999 999 999 20 15
1958 11 12 12 16 16 999 999 999 999 19 17
1959 10 13 15 17 21 999 999 999 999 25 16
1960 10 16 15 17 22 999 999 999 999 20 17
1961 10 10 14 16 13 999 999 999 999 13 11
1962 10 11 10 15 20 999 999 999 999 20 17
1963 10 10 15 11 16 999 999 999 999 21 15
1964 14 10 14 18 19 999 999 999 999 13 16
1965 10 10 11 16 19 999 999 999 999 18 17
1966 13 13 10 14 19 999 999 999 999 18 18
1967 15 14 11 16 17 999 999 999 999 18 11
1968 10 10 10 11 16 999 999 999 999 13 11
1969 10 10 10 11 13 999 999 999 999 13 11
1970 10 10 10 16 13 999 999 999 999 13 11
1971 10 10 10 11 13 999 999 999 999 13 11
1972 10 10 10 11 13 999 999 999 999 19 11
1973 10 10 10 16 19 999 999 999 999 13 11
1974 10 10 10 11 13 999 999 999 999 13 11
1975 10 10 10 19 20 999 999 999 999 13 11
1976 10 10 10 16 20 999 999 999 999 13 11
1977 10 10 18 15 13 999 999 999 999 23 11
1978 10 10 10 15 20 999 999 999 999 13 11
1979 10 10 10 11 17 999 999 999 999 13 15
1980 11 11 14 14 16 999 999 999 999 13 11
1981 10 10 10 15 20 999 999 999 999 13 11
1982 10 10 10 11 13 999 999 999 999 13 11
1983 12 10 10 11 13 999 999 999 999 13 13
1984 10 10 10 11 19 999 999 999 999 13 11
1985 10 10 14 14 14 999 999 999 999 13 11
1986 10 10 10 15 15 999 999 999 999 15 15
1987 13 10 10 13 13 999 999 999 999 16 15
1988 10 10 10 12 19 999 999 999 999 13 11
1989 13 11 10 14 14 999 999 999 999 17 14
1990 13 10 11 14 13 999 999 999 999 13 15
1991 10 10 13 13 19 999 999 999 999 13 16
1992 10 13 14 12 15 999 999 999 999 13 11
1993 10 10 12 12 15 999 999 999 999 19 20
1994 10 10 16 13 18 999 999 999 999 18 13
1995 12 10 12 11 10 999 999 999 999 19 12
1996 10 10 10 11 17 999 999 999 999 13 11
1997 10 15 12 11 14 999 999 999 999 14 13
1998 10 10 12 12 16 999 999 999 999 21 11
1999 10 10 10 20 10 999 999 999 999 20 19
2000 10 10 10 19 27 999 999 999 999 23 19
2001 10 10 10 14 19 999 999 999 999 22 19
2002 10 11 12 17 20 999 999 999 999 19 15
2003 12 11 12 14 15 999 999 999 999 20 17
2004 10 14 15 13 20 999 999 999 999 14 15
2005 10 10 12 13 15 999 999 999 999 21 19
2006 10 13 10 13 24 999 999 999 999 21 11
2007 13 10 12 11 10 999 999 999 999 13 11
2008 10 10 10 11 10 999 999 999 999 22 20
2009 10 10 10 11 21 999 999 999 999 13 11
2010 10 10 13 13 14 999 999 999 999 13 11
2011 10 10 10 11 10 999 999 999 999 13 18
2012 10 10 10 11 10 999 999 999 999 13 11
2013 10 10 10 11 10 999 999 999 999 13 11
2014 10 10 10 11 10 999 999 999 999 13 11
2015 10 10 10 11 19 999 999 999 999 17 18
2016 10 13 12 13 12 999 999 999 999 20 18
