1951 0 0 2 3 1 0 1 0 0 0 0
1952 3 0 0 1 2 0 0 0 0 0 0
1953 1 0 0 7 5 5 2 0 1 15 9
1954 0 0 2 12 12 9 8 0 0 11 7
1955 2 1 7 2 14 2 0 0 3 1 1
1956 0 1 4 7 4 4 0 0 0 5 2
1957 0 0 0 2 0 1 1 0 0 2 0
1958 4 0 5 8 4 0 0 1 0 3 1
1959 6 2 1 4 5 7 1 0 0 3 2
1960 1 0 0 3 4 0 2 0 1 4 9
1961 2 0 5 5 7 1 0 0 0 3 5
1962 0 2 0 2 6 2 0 2 2 6 6
1963 0 0 0 5 6 0 0 3 3 7 7
1964 1 1 1 3 1 2 1 0 1 3 0
1965 0 0 1 1 1 0 0 1 2 9 5
1966 3 1 0 1 1 4 0 1 0 7 4
1967 0 0 0 0 1 0 0 0 0 0 0
1968 0 0 0 0 0 0 0 0 0 1 3
1969 0 1 7 10 7 3 0 0 0 1 1
1970 0 1 1 3 5 1 0 0 0 1 1
1971 0 0 0 0 0 1 0 0 0 0 0
1972 0 0 0 3 0 0 0 0 1 10 8
1973 3 11 7 9 9 2 0 0 2 0 0
1974 0 0 0 0 0 0 0 0 1 0 1
1975 0 0 0 1 2 0 0 0 0 0 0
1976 0 0 0 1 0 0 0 0 0 3 0
1977 0 1 10 6 7 3 0 0 0 12 0
1978 3 7 8 4 5 1 0 0 0 0 1
1979 7 4 6 7 5 4 2 0 3 2 3
1980 1 2 5 12 9 9 1 3 0 7 3
1981 0 3 6 11 6 0 0 0 2 5 6
1982 0 2 3 3 9 3 0 0 2 7 4
1983 6 8 10 17 13 12 11 5 10 10 5
1984 0 1 4 8 4 0 0 0 3 2 1
1985 0 0 4 0 4 0 0 0 0 2 3
1986 2 0 1 10 0 0 0 0 0 6 1
1987 7 8 8 12 13 6 2 6 8 14 12
1988 5 2 6 8 10 3 7 2 3 3 4
1989 0 0 0 1 1 3 3 0 1 7 4
1990 0 2 3 4 2 0 1 1 1 6 4
1991 1 2 5 7 9 2 3 0 0 1 4
1992 1 1 9 9 5 1 3 0 2 2 0
1993 0 0 3 11 14 8 3 4 2 8 3
1994 0 4 9 9 16 6 2 7 7 11 16
1995 15 6 12 20 16 15 7 11 15 14 12
1996 0 0 1 1 5 12 2 3 1 7 1
1997 0 0 0 0 0 1 2 3 13 17 15
1998 13 14 18 19 21 17 14 25 9 10 4
1999 0 2 0 0 1 0 0 0 1 7 3
2000 0 0 0 2 1 1 0 0 0 2 1
2001 0 0 0 7 4 0 1 1 2 8 0
2002 4 10 6 5 6 3 1 0 2 8 8
2003 6 3 3 8 7 1 11 7 5 8 10
2004 1 2 5 7 5 0 0 0 8 7 5
2005 3 8 8 13 9 3 3 0 11 11 6
2006 2 4 0 4 8 5 1 4 5 16 4
2007 8 2 3 8 8 3 4 1 0 4 0
2008 0 0 0 1 0 0 0 1 4 17 5
2009 0 0 2 2 0 1 2 6 9 8 5
2010 3 9 12 19 13 15 13 13 9 1 0
2011 0 0 0 2 1 2 0 0 1 1 1
2012 0 0 0 2 0 0 0 0 2 2 3
2013 2 3 4 2 3 0 1 1 2 1 2
2014 0 0 6 3 8 1 1 1 5 3 3
2015 0 0 7 2 8 5 0 0 11 14 12
2016 9 10 15 12 13 11 4 7 3 2 9
