1951 0 0 0 9 45 86 205 220 145 55 39
1952 26 11 34 40 48 141 218 174 93 61 18
1953 9 12 11 28 40 112 199 181 88 41 19
1954 11 0 5 7 7 45 199 185 123 26 3
1955 0 0 0 4 50 84 156 148 96 41 23
1956 0 0 9 15 44 109 130 93 41 48 10
1957 17 5 8 30 12 37 96 96 41 24 4
1958 8 9 16 19 21 110 158 118 71 28 19
1959 3 25 39 33 26 86 191 147 102 59 26
1960 15 3 22 26 85 131 196 200 117 65 30
1961 18 10 15 54 34 120 152 205 76 28 13
1962 32 7 0 19 33 90 166 155 139 21 20
1963 0 0 4 2 16 70 138 145 63 8 0
1964 5 3 7 1 11 15 79 88 45 2 0
1965 0 0 1 0 0 65 97 77 28 17 1
1966 0 2 0 2 15 41 88 110 43 0 0
1967 0 0 0 0 4 10 121 103 9 0 0
1968 0 0 0 0 2 34 145 125 40 5 1
1969 0 0 14 14 30 76 187 100 40 2 1
1970 4 0 2 37 16 64 115 126 57 2 0
1971 0 0 0 0 4 24 67 63 9 1 0
1972 0 0 0 0 5 16 99 84 26 7 1
1973 9 0 0 0 3 11 88 77 48 0 0
1974 0 0 0 0 0 6 75 79 17 0 0
1975 0 0 0 7 4 29 60 90 52 0 0
1976 0 0 0 0 1 17 70 59 17 0 4
1977 2 7 4 0 5 27 114 125 56 33 0
1978 1 4 5 1 9 67 82 96 27 4 6
1979 0 2 0 3 17 75 157 99 32 28 0
1980 2 1 5 8 34 151 142 118 63 50 13
1981 0 0 10 7 18 60 138 84 53 11 4
1982 1 0 0 7 17 71 110 167 67 12 0
1983 5 11 10 9 32 64 156 165 77 14 12
1984 0 0 0 6 6 42 65 84 5 8 0
1985 0 0 0 0 5 47 97 109 18 4 0
1986 0 0 0 1 13 48 154 98 56 20 5
1987 4 6 1 13 18 94 146 153 105 55 17
1988 10 0 11 8 41 73 205 148 75 12 5
1989 0 0 0 0 9 59 156 108 44 15 4
1990 0 1 0 2 21 101 137 157 17 28 8
1991 12 1 5 2 20 93 172 172 89 0 3
1992 2 4 13 9 7 46 139 158 39 8 3
1993 0 0 0 10 24 74 130 129 66 24 11
1994 1 0 6 12 39 95 174 175 75 6 23
1995 11 12 2 10 47 80 135 135 99 23 17
1996 0 0 0 3 25 76 167 124 29 10 0
1997 0 0 0 1 13 40 175 170 55 15 12
1998 1 24 14 48 83 146 223 197 76 42 4
1999 0 0 0 8 14 45 155 129 23 18 0
2000 0 0 0 1 14 73 99 133 28 9 3
2001 0 0 0 5 31 61 159 199 43 34 3
2002 7 3 1 5 30 93 207 145 46 9 17
2003 16 8 10 22 51 72 210 172 81 19 8
2004 5 13 2 12 35 116 133 159 58 24 7
2005 0 9 38 34 29 72 202 153 126 39 7
2006 0 11 1 1 38 83 220 141 89 51 3
2007 11 23 1 21 39 75 167 154 74 12 1
2008 0 0 0 0 15 69 133 97 58 40 0
2009 1 0 0 11 16 49 186 181 106 36 0
2010 6 15 35 34 66 154 226 165 72 18 0
2011 0 0 0 0 24 74 150 140 90 3 0
2012 0 0 0 0 19 66 142 129 59 9 4
2013 11 0 8 9 21 77 131 120 50 44 0
2014 3 0 0 8 20 59 157 121 52 9 13
2015 0 0 2 3 20 68 131 125 52 51 6
2016 13 6 23 17 52 100 179 155 116 9 0
