1951 11 10 10 16 17 21 25 27 22 17 17
1952 17 14 15 14 17 21 25 26 25 20 16
1953 12 18 15 14 17 22 28 26 24 18 17
1954 16 10 13 12 18 22 27 27 25 17 16
1955 10 10 10 16 17 22 27 29 26 18 16
1956 10 10 17 17 20 22 25 27 23 18 17
1957 18 12 11 15 16 21 25 26 23 19 18
1958 14 13 13 14 16 21 25 24 23 19 21
1959 15 19 16 17 18 23 26 26 23 21 21
1960 16 16 17 16 16 21 27 27 24 22 20
1961 20 17 15 17 17 21 27 26 24 20 17
1962 22 19 10 17 16 22 25 26 25 20 14
1963 10 10 18 20 16 20 26 28 26 18 2
1964 16 16 15 15 17 20 27 27 27 21 2
1965 10 10 10 12 16 22 28 27 23 18 14
1966 11 13 10 12 16 22 26 27 20 17 2
1967 10 10 10 12 16 20 28 28 23 15 11
1968 10 10 11 10 14 20 27 26 22 17 12
1969 10 10 12 12 14 19 27 27 23 14 10
1970 12 10 14 15 14 20 28 28 25 14 15
1971 10 11 10 10 13 21 28 27 22 19 15
1972 10 10 10 10 16 21 26 27 24 18 2
1973 16 10 10 14 17 22 26 27 23 14 2
1974 10 10 10 10 16 20 26 25 23 14 2
1975 10 10 10 17 16 20 27 27 24 18 14
1976 10 10 10 11 15 20 25 26 21 16 15
1977 12 14 14 12 16 20 27 27 23 19 13
1978 11 11 12 13 17 22 28 27 24 15 15
1979 10 13 12 14 13 20 25 25 22 17 12
1980 12 10 14 13 15 22 27 27 24 19 17
1981 10 10 12 14 15 21 26 24 23 18 14
1982 10 10 10 12 15 21 25 28 24 17 12
1983 12 10 10 12 14 18 26 27 23 18 14
1984 10 10 10 13 15 21 29 26 21 17 2
1985 10 10 11 14 15 21 29 27 23 19 2
1986 10 10 13 13 15 21 27 27 24 16 17
1987 12 12 11 12 16 21 25 26 23 21 15
1988 15 10 11 11 16 21 28 29 25 19 15
1989 10 10 10 14 15 21 28 28 25 18 14
1990 10 10 12 13 16 23 27 27 25 18 15
1991 15 10 13 14 17 22 27 28 25 19 18
1992 10 11 12 12 14 21 26 29 25 18 2
1993 10 10 12 11 12 23 28 28 26 18 20
1994 10 10 12 12 14 23 28 29 22 12 15
1995 11 12 11 12 14 19 28 29 24 18 14
1996 10 10 14 13 16 22 28 28 24 19 2
1997 10 15 11 12 16 21 28 27 23 16 14
1998 10 10 11 12 15 21 29 28 24 20 16
1999 10 12 15 15 18 23 28 29 25 21 17
2000 10 13 13 16 16 24 28 29 25 21 17
2001 14 14 10 12 16 24 29 28 23 21 14
2002 14 11 11 13 16 22 27 27 23 18 15
2003 12 13 13 12 16 23 29 28 24 17 14
2004 11 12 12 12 16 23 27 26 25 17 14
2005 10 11 12 12 15 20 27 28 26 20 17
2006 15 12 11 12 15 22 28 27 24 19 14
2007 12 13 12 13 15 22 28 28 24 20 17
2008 13 11 15 16 16 23 27 28 24 21 14
2009 13 14 12 12 16 19 27 28 23 19 14
2010 13 12 12 12 16 23 29 28 25 18 2
2011 10 10 12 12 15 22 30 27 24 19 14
2012 11 15 12 14 17 21 28 28 22 17 14
2013 14 12 12 12 15 22 27 28 23 20 14
2014 16 10 11 14 16 20 26 27 25 19 18
2015 15 14 15 16 18 23 27 27 21 19 16
2016 11 12 11 12 15 22 28 28 26 18 15
