1951 14 13 15 16 22 27 36 37 32 25 22
1952 17 18 19 20 22 31 38 37 33 27 20
1953 15 20 20 19 22 31 38 38 32 25 23
1954 19 13 17 18 25 30 35 34 34 24 21
1955 19 17 18 19 23 29 38 37 35 26 22
1956 13 17 19 22 26 31 36 35 31 23 23
1957 23 15 16 21 20 26 33 35 29 25 21
1958 18 17 18 20 23 30 35 35 31 24 25
1959 17 21 20 21 22 30 36 37 31 28 25
1960 20 21 21 20 24 31 36 37 32 28 24
1961 23 20 19 22 23 29 37 37 33 27 23
1962 24 19 20 20 23 29 35 37 34 27 24
1963 17 16 18 19 19 29 35 35 32 24 21
1964 18 19 18 20 23 25 34 34 33 28 20
1965 17 13 15 16 24 30 33 34 30 24 22
1966 18 17 15 17 23 30 35 36 30 22 22
1967 17 17 13 18 21 25 35 35 30 24 18
1968 13 13 16 16 19 28 36 34 30 22 19
1969 13 16 17 19 23 28 36 35 30 23 20
1970 17 16 17 22 22 30 36 37 33 23 21
1971 13 14 15 17 20 28 35 35 29 26 22
1972 13 13 13 14 21 28 35 35 30 25 26
1973 18 20 19 21 23 29 35 36 31 27 24
1974 13 13 13 14 22 26 34 34 29 31 26
1975 18 13 13 20 21 28 35 35 33 27 19
1976 13 13 13 18 24 29 34 34 29 24 23
1977 18 19 20 18 22 28 35 36 31 26 22
1978 16 17 17 18 23 31 37 34 31 24 20
1979 18 16 16 20 20 28 36 34 31 25 19
1980 15 15 17 20 23 31 35 35 32 27 24
1981 17 17 18 20 22 30 37 33 31 24 22
1982 17 17 16 16 22 29 34 36 31 23 20
1983 18 16 18 19 23 28 35 34 31 26 21
1984 17 17 18 17 22 29 37 36 28 23 24
1985 17 13 16 17 20 30 35 36 31 24 20
1986 17 13 16 19 21 30 37 35 31 24 22
1987 17 16 17 19 20 28 33 34 30 26 20
1988 19 17 16 17 22 28 37 34 31 25 20
1989 14 13 13 18 20 28 35 34 32 23 18
1990 16 13 15 16 21 29 33 35 32 24 19
1991 15 14 16 18 23 29 35 35 33 26 22
1992 17 15 17 16 17 26 33 36 29 23 26
1993 17 16 16 16 18 27 34 34 29 22 23
1994 18 16 16 16 21 30 34 37 28 19 19
1995 15 15 14 16 20 27 33 35 31 23 19
1996 18 18 17 17 21 28 37 34 29 24 26
1997 13 18 14 17 20 28 35 35 29 22 19
1998 17 16 17 20 23 30 36 38 32 27 22
1999 18 18 18 20 23 30 36 35 32 27 21
2000 13 19 19 19 21 32 36 37 30 26 23
2001 19 19 13 18 21 30 36 37 30 27 19
2002 16 17 16 16 21 31 36 36 31 23 21
2003 16 16 16 18 23 29 36 36 31 24 19
2004 14 17 16 17 22 31 35 36 32 23 20
2005 14 15 17 19 21 28 37 36 34 28 21
2006 19 16 15 17 20 30 37 36 30 25 18
2007 18 16 15 19 20 29 36 37 33 26 23
2008 18 16 18 18 21 30 36 35 31 27 21
2009 18 18 14 17 20 27 35 36 32 24 20
2010 17 15 18 18 22 30 37 38 33 25 23
2011 13 13 16 15 22 31 37 37 32 25 20
2012 12 18 16 18 23 29 36 34 29 22 19
2013 17 17 17 17 22 30 35 35 31 27 19
2014 18 13 15 19 22 27 35 34 30 24 22
2015 18 13 18 20 23 30 35 33 29 25 22
2016 16 18 16 17 20 30 36 36 33 26 21
