1951 10 10 12 16 21 999 999 999 999 22 21
1952 15 13 16 20 21 999 999 999 999 23 17
1953 15 16 19 19 20 999 999 999 999 23 25
1954 17 10 17 23 26 999 999 999 999 23 20
1955 17 17 17 18 20 999 999 999 999 25 22
1956 10 10 17 21 29 999 999 999 999 22 21
1957 10 10 12 20 21 999 999 999 999 26 19
1958 17 17 17 24 23 999 999 999 999 22 22
1959 15 17 21 22 27 999 999 999 999 32 21
1960 10 19 17 21 27 999 999 999 999 25 20
1961 10 10 21 21 14 999 999 999 999 17 12
1962 10 15 12 17 22 999 999 999 999 22 23
1963 10 10 17 14 19 999 999 999 999 25 18
1964 17 10 19 23 25 999 999 999 999 17 20
1965 10 10 14 19 22 999 999 999 999 23 22
1966 16 18 12 19 26 999 999 999 999 23 21
1967 17 17 15 20 23 999 999 999 999 24 12
1968 10 10 12 14 22 999 999 999 999 17 12
1969 10 10 16 17 14 999 999 999 999 17 12
1970 10 13 13 20 14 999 999 999 999 17 12
1971 10 10 12 14 14 999 999 999 999 17 12
1972 10 10 12 14 14 999 999 999 999 22 12
1973 10 10 12 20 24 999 999 999 999 17 12
1974 10 10 12 14 14 999 999 999 999 17 12
1975 10 10 12 22 22 999 999 999 999 17 12
1976 10 10 12 19 24 999 999 999 999 17 12
1977 10 10 23 17 14 999 999 999 999 28 12
1978 10 10 12 17 24 999 999 999 999 17 12
1979 10 10 12 14 21 999 999 999 999 17 17
1980 15 16 17 20 22 999 999 999 999 17 12
1981 10 10 12 19 25 999 999 999 999 17 12
1982 10 10 12 14 14 999 999 999 999 17 12
1983 17 13 18 17 21 999 999 999 999 17 17
1984 10 10 12 14 23 999 999 999 999 17 12
1985 10 10 18 17 17 999 999 999 999 17 12
1986 10 10 12 17 20 999 999 999 999 17 17
1987 15 10 12 17 15 999 999 999 999 19 18
1988 10 10 12 16 23 999 999 999 999 17 12
1989 14 14 12 19 17 999 999 999 999 21 19
1990 14 13 15 19 14 999 999 999 999 18 17
1991 10 10 15 16 24 999 999 999 999 17 19
1992 10 16 19 17 18 999 999 999 999 17 12
1993 10 10 14 16 21 999 999 999 999 24 22
1994 10 10 19 16 23 999 999 999 999 21 16
1995 14 11 13 16 12 999 999 999 999 22 14
1996 10 10 12 14 21 999 999 999 999 17 12
1997 10 18 14 14 16 999 999 999 999 17 16
1998 16 16 19 20 24 999 999 999 999 24 12
1999 10 10 12 24 12 999 999 999 999 23 22
2000 10 10 12 22 30 999 999 999 999 26 22
2001 10 10 10 17 23 999 999 999 999 27 22
2002 10 13 14 21 26 999 999 999 999 22 18
2003 14 13 14 18 19 999 999 999 999 23 19
2004 10 17 18 16 24 999 999 999 999 17 19
2005 10 10 14 17 19 999 999 999 999 24 22
2006 10 16 10 16 28 999 999 999 999 27 12
2007 16 10 14 14 12 999 999 999 999 17 12
2008 10 10 10 14 12 999 999 999 999 25 23
2009 10 10 10 14 25 999 999 999 999 17 12
2010 10 11 19 21 20 999 999 999 999 17 12
2011 10 10 10 14 12 999 999 999 999 17 21
2012 10 10 10 14 12 999 999 999 999 17 12
2013 10 10 10 14 12 999 999 999 999 17 12
2014 10 10 10 14 12 999 999 999 999 17 12
2015 10 16 10 14 22 999 999 999 999 21 20
2016 10 17 17 19 15 999 999 999 999 24 21
