1951 13 11 10 16 17 21 26 28 26 17 18
1952 17 14 15 17 17 22 26 28 26 21 16
1953 14 18 18 16 17 25 28 26 25 20 17
1954 18 11 15 14 17 23 29 28 26 19 16
1955 13 11 10 16 16 22 28 31 27 19 17
1956 13 11 17 17 20 22 24 28 24 18 17
1957 18 12 11 16 18 20 25 28 24 19 18
1958 14 14 14 13 14 21 22 22 23 20 21
1959 15 20 17 16 18 23 26 26 23 21 21
1960 16 16 17 17 16 21 29 27 23 22 21
1961 20 18 16 17 17 21 25 26 26 20 17
1962 22 19 10 19 15 23 25 26 26 22 15
1963 13 11 18 20 19 21 27 28 27 21 13
1964 16 16 15 10 18 21 28 27 27 21 13
1965 13 11 10 10 11 21 28 28 24 21 13
1966 13 12 10 15 16 22 27 28 22 10 13
1967 13 11 10 10 15 19 29 28 23 10 13
1968 13 11 10 10 14 20 28 27 22 20 13
1969 13 11 12 13 13 20 27 28 22 10 13
1970 13 11 15 16 13 21 28 29 27 10 13
1971 13 11 10 10 11 20 29 28 25 10 13
1972 13 11 10 10 17 19 27 29 26 21 13
1973 16 11 10 10 15 23 26 26 22 10 13
1974 13 11 10 10 11 17 26 26 27 10 13
1975 13 11 10 18 13 19 28 27 26 10 13
1976 13 11 10 10 11 20 25 27 21 10 20
1977 15 18 18 10 14 21 29 29 24 21 13
1978 13 13 14 10 17 23 27 27 23 18 20
1979 13 15 10 14 11 20 25 26 22 19 13
1980 15 11 15 13 14 23 28 27 25 20 19
1981 13 11 12 18 13 22 27 25 22 21 16
1982 13 11 10 14 13 21 27 29 25 18 13
1983 14 11 10 12 13 16 27 28 24 19 13
1984 13 11 10 14 12 20 29 26 20 20 13
1985 13 11 10 10 13 19 30 28 21 24 13
1986 13 11 10 10 13 22 27 28 24 17 24
1987 15 14 10 11 12 20 25 26 23 23 14
1988 19 11 12 10 14 20 29 31 25 19 19
1989 13 11 10 10 11 20 28 29 27 16 17
1990 13 11 10 10 15 23 28 26 25 17 18
1991 18 11 15 13 14 21 29 29 27 10 21
1992 13 13 14 12 12 20 27 30 26 18 21
1993 13 11 10 12 11 22 27 29 28 18 21
1994 13 11 14 13 12 22 30 30 25 13 17
1995 13 15 10 12 14 18 28 30 24 20 16
1996 13 11 10 11 14 22 28 29 24 20 13
1997 13 11 10 10 15 20 28 28 24 15 18
1998 13 11 11 12 15 21 29 29 24 19 20
1999 13 11 10 18 15 21 29 29 26 24 13
2000 13 11 10 10 12 24 28 31 26 28 19
2001 13 11 10 11 14 22 31 29 22 22 11
2002 19 15 10 15 15 21 30 27 22 22 20
2003 14 18 16 12 16 24 31 29 23 16 17
2004 14 16 10 12 13 23 28 25 25 16 17
2005 13 12 13 12 13 18 27 30 28 22 18
2006 13 16 10 10 14 21 31 27 25 19 17
2007 16 17 10 12 12 21 29 30 24 21 11
2008 13 11 10 10 14 23 28 28 26 24 11
2009 13 11 10 12 14 18 27 30 24 21 11
2010 15 12 13 11 14 23 31 29 27 17 11
2011 13 11 10 10 13 22 32 29 25 21 11
2012 13 11 10 10 14 21 29 28 22 17 18
2013 19 11 12 10 12 22 29 29 22 22 11
2014 21 11 10 10 14 19 26 26 26 20 22
2015 13 11 20 19 16 22 27 29 21 19 21
2016 12 13 11 11 12 23 29 29 27 21 11
