1951 10 10 10 10 10 15 21 19 20 16 13
1952 10 10 10 10 16 15 21 19 20 16 13
1953 10 10 10 10 14 21 27 31 25 19 19
1954 10 10 15 17 19 19 21 30 25 18 17
1955 15 15 14 15 17 15 21 19 25 16 13
1956 10 15 15 18 19 18 27 19 20 20 15
1957 10 10 10 16 10 15 25 19 20 19 13
1958 11 10 13 16 18 15 21 26 25 20 13
1959 13 13 15 14 16 18 29 19 20 16 15
1960 15 10 10 14 17 15 23 19 26 22 17
1961 15 10 13 14 18 23 28 30 20 22 17
1962 10 15 10 15 17 20 29 25 25 19 19
1963 10 10 10 14 16 15 27 25 27 21 17
1964 10 10 10 19 21 20 28 29 27 22 13
1965 10 10 10 10 10 15 26 21 24 18 19
1966 16 10 10 10 10 17 27 28 20 19 19
1967 10 10 10 10 10 15 21 32 20 16 13
1968 10 10 10 10 10 15 21 19 25 16 16
1969 10 15 12 12 15 15 26 19 26 16 13
1970 10 10 15 14 14 15 21 19 20 16 13
1971 10 10 10 10 10 15 21 19 20 16 13
1972 10 10 10 11 10 15 21 19 24 20 17
1973 12 13 14 11 16 16 21 32 24 16 13
1974 10 10 10 10 10 15 21 19 21 16 13
1975 10 10 10 15 16 15 21 19 28 16 13
1976 10 10 10 10 10 15 21 29 20 18 13
1977 10 10 14 14 15 18 21 19 25 18 13
1978 12 11 11 11 12 15 21 30 25 16 13
1979 13 13 13 14 12 17 22 19 22 19 15
1980 10 10 14 13 10 22 25 21 25 19 18
1981 10 12 12 12 14 15 21 26 23 19 17
1982 10 14 14 12 14 18 21 19 23 19 13
1983 12 10 10 13 14 19 23 19 21 22 16
1984 10 15 13 13 13 15 21 19 22 20 13
1985 10 10 13 10 13 15 21 19 20 22 15
1986 15 10 10 13 10 15 21 19 20 19 13
1987 12 12 12 14 14 15 24 24 20 17 18
1988 14 14 14 14 17 18 26 20 22 24 17
1989 10 10 10 10 10 22 25 19 20 22 17
1990 10 10 12 13 14 15 21 19 20 19 17
1991 10 15 14 15 18 21 25 19 20 16 17
1992 10 10 12 13 12 15 25 19 26 20 13
1993 10 10 14 12 12 13 21 27 24 18 16
1994 10 13 11 14 15 17 21 31 21 14 16
1995 14 12 13 14 12 14 17 19 17 20 15
1996 10 10 15 10 14 19 26 30 17 21 13
1997 10 10 10 10 10 13 24 30 18 19 17
1998 13 10 12 13 12 16 20 25 22 20 19
1999 10 15 10 10 15 13 17 19 17 21 19
2000 10 10 10 14 10 13 17 19 17 24 13
2001 10 10 10 15 13 13 17 25 27 22 13
2002 11 12 13 14 12 15 17 19 17 18 16
2003 12 12 12 13 14 15 26 28 24 19 18
2004 10 14 14 12 14 13 17 19 23 19 17
2005 12 11 11 13 13 15 25 19 27 20 18
2006 15 11 10 13 15 19 17 31 23 22 15
2007 13 10 12 11 12 15 25 19 17 21 13
2008 10 10 10 10 10 13 17 25 28 22 16
2009 10 10 14 10 10 13 26 26 27 17 18
2010 15 11 13 13 12 14 22 28 25 14 13
2011 10 10 10 14 15 13 17 19 25 14 13
2012 10 10 10 14 10 13 17 19 23 20 15
2013 14 15 10 14 15 13 17 19 26 14 16
2014 10 10 14 12 14 13 25 19 24 20 16
2015 10 10 15 15 14 21 17 19 22 18 17
2016 11 13 12 13 13 18 23 32 22 24 17
