1951 14 13 15 14 21 22 30 38 27 30 22
1952 15 19 17 15 20 28 30 35 33 26 23
1953 14 20 15 16 18 28 33 36 29 26 23
1954 17 13 17 20 25 27 28 36 32 23 19
1955 19 13 19 20 23 29 36 26 33 26 22
1956 14 13 17 22 24 26 31 31 33 22 24
1957 14 13 17 21 16 26 32 38 31 24 23
1958 21 17 20 23 24 23 27 32 30 25 25
1959 17 19 18 19 22 25 32 32 32 25 22
1960 18 19 16 19 22 29 29 38 34 25 23
1961 18 13 18 19 25 27 35 37 35 28 23
1962 14 17 20 17 25 25 32 35 33 25 24
1963 14 13 17 17 22 32 33 31 33 24 23
1964 17 21 17 22 25 24 33 35 33 27 19
1965 14 13 15 14 25 27 31 25 29 23 26
1966 18 18 17 21 20 24 33 35 33 22 23
1967 17 13 15 14 16 22 27 36 23 25 24
1968 14 13 15 14 16 23 27 32 27 22 20
1969 14 17 19 21 23 24 32 33 32 22 25
1970 17 17 18 20 22 27 31 38 33 27 22
1971 14 13 15 14 22 27 33 34 31 29 26
1972 14 13 15 14 21 26 27 34 28 27 25
1973 17 22 19 23 23 23 31 37 30 28 22
1974 14 13 15 14 16 25 31 25 28 29 24
1975 17 13 15 17 19 27 32 37 32 27 19
1976 14 13 15 22 16 28 33 33 27 24 26
1977 20 19 22 20 22 25 30 30 28 27 25
1978 17 18 18 19 20 27 27 35 30 28 24
1979 18 17 17 20 19 27 32 33 30 27 22
1980 16 14 17 22 24 30 32 29 29 27 25
1981 17 17 20 22 21 27 34 30 29 25 24
1982 17 17 17 17 23 24 29 32 29 24 23
1983 20 19 19 23 24 27 32 28 30 28 22
1984 17 17 18 17 21 25 27 36 28 24 24
1985 17 13 17 14 17 26 31 39 33 27 19
1986 17 13 17 20 20 25 32 25 31 25 25
1987 19 17 19 21 21 25 30 31 23 27 24
1988 19 16 19 19 22 25 29 25 27 26 20
1989 20 16 15 14 21 25 28 25 31 24 20
1990 15 13 16 17 20 27 27 35 32 23 21
1991 14 17 18 20 22 27 31 29 33 30 23
1992 17 17 20 19 16 27 31 37 30 25 26
1993 17 16 15 20 22 24 29 32 29 24 24
1994 18 17 19 21 23 27 34 38 24 23 23
1995 20 17 17 22 22 25 30 35 29 28 22
1996 18 18 18 18 18 26 31 28 27 25 27
1997 14 18 17 18 18 24 29 32 26 25 22
1998 20 18 22 23 25 28 29 32 28 27 22
1999 18 18 15 19 21 28 34 36 34 26 23
2000 14 18 19 16 15 27 31 36 34 28 25
2001 19 20 17 19 19 27 33 31 31 26 21
2002 16 18 19 15 19 24 24 33 27 24 22
2003 18 15 16 19 20 24 31 34 31 23 25
2004 15 18 16 19 23 31 32 35 30 26 24
2005 15 18 19 21 20 25 31 34 34 27 22
2006 18 17 18 19 24 25 31 33 27 27 21
2007 20 14 15 19 21 25 31 36 36 27 25
2008 20 17 18 16 24 26 30 27 31 27 23
2009 18 19 15 18 17 23 32 33 31 22 23
2010 18 17 21 22 21 25 33 38 32 29 22
2011 14 13 18 15 23 28 30 36 29 28 25
2012 14 13 18 18 19 26 30 39 31 23 21
2013 16 20 18 18 21 26 30 33 33 31 21
2014 18 13 17 17 22 22 31 32 27 25 21
2015 18 13 18 19 23 27 34 31 28 26 25
2016 19 19 18 21 23 27 30 34 32 30 23
