1951 11 11 10 12 15 17 27 27 23 22 18
1952 12 14 13 12 16 25 29 29 27 24 20
1953 11 16 10 13 14 23 29 31 26 20 19
1954 15 11 15 16 21 24 24 26 28 20 20
1955 17 11 16 17 20 23 32 31 29 26 20
1956 11 11 15 19 20 22 22 26 27 15 21
1957 11 11 15 18 10 18 23 24 22 21 17
1958 14 12 13 16 19 21 24 25 24 23 21
1959 13 15 14 16 15 21 26 29 24 21 20
1960 15 16 14 15 17 21 27 27 24 21 18
1961 15 14 13 16 17 22 30 28 27 23 19
1962 16 14 16 15 19 20 27 28 27 23 21
1963 15 13 14 13 13 21 28 25 26 24 18
1964 13 15 13 19 21 21 28 29 29 25 16
1965 15 11 12 11 22 23 22 25 25 22 19
1966 14 13 15 14 15 20 27 28 26 18 18
1967 15 11 10 11 10 20 26 26 26 23 18
1968 11 11 10 11 10 22 26 25 24 22 17
1969 11 15 12 14 16 18 25 26 24 21 18
1970 13 14 14 15 16 22 26 30 26 22 19
1971 11 11 10 11 19 23 28 31 26 24 21
1972 11 11 10 11 18 21 29 28 24 22 20
1973 12 13 13 17 17 21 26 30 24 24 19
1974 11 11 10 11 10 24 23 28 24 24 21
1975 16 11 10 15 16 23 28 30 28 24 16
1976 11 11 10 19 23 22 27 27 27 20 22
1977 15 15 15 17 17 22 26 25 25 21 21
1978 13 14 12 15 16 24 29 26 26 23 20
1979 14 13 13 17 15 19 24 23 25 21 19
1980 13 12 14 16 17 20 23 24 25 22 20
1981 13 13 14 16 17 23 26 24 23 21 20
1982 13 14 15 13 17 20 26 25 25 20 17
1983 13 12 12 13 17 20 23 20 22 24 19
1984 15 15 14 15 17 22 34 27 24 22 19
1985 13 11 13 11 16 25 27 28 27 22 16
1986 15 11 14 14 19 25 29 27 25 21 19
1987 15 14 14 16 14 20 26 26 21 20 19
1988 15 13 14 14 17 22 28 25 26 23 19
1989 15 13 10 11 18 22 28 25 28 22 17
1990 14 11 13 12 17 21 26 26 27 20 18
1991 12 13 14 16 19 20 27 26 27 25 21
1992 15 13 14 12 12 21 25 27 24 22 23
1993 15 14 15 13 12 19 26 27 22 19 19
1994 14 14 13 13 15 18 22 25 17 16 15
1995 13 13 12 13 12 16 23 27 21 20 16
1996 15 15 15 16 16 20 30 24 23 21 24
1997 11 15 14 15 16 23 28 26 23 21 18
1998 14 12 13 11 13 23 28 31 26 21 21
1999 15 17 10 17 20 27 31 27 29 25 20
2000 11 17 17 14 18 27 31 31 30 25 23
2001 17 18 14 16 14 24 30 29 28 27 20
2002 14 15 14 12 12 25 28 29 25 21 19
2003 13 13 13 14 18 21 27 29 26 23 20
2004 13 14 13 16 15 25 28 27 26 23 20
2005 13 13 14 14 14 22 29 27 28 26 18
2006 16 15 14 15 14 23 29 26 24 22 17
2007 16 12 13 14 15 23 27 31 29 25 22
2008 17 16 15 15 19 24 29 26 26 23 20
2009 15 16 13 14 14 21 27 28 26 20 20
2010 15 12 13 12 12 23 28 31 27 26 18
2011 11 11 15 13 19 26 30 30 26 26 19
2012 11 11 15 14 17 25 29 25 25 20 16
2013 14 15 13 13 16 23 27 26 29 27 18
2014 15 11 14 16 14 19 26 28 25 23 19
2015 11 11 15 16 20 24 28 23 23 22 20
2016 14 15 11 16 13 22 29 28 28 25 21
