1951 15 13 11 20 24 28 41 43 35 21 27
1952 15 13 18 29 23 32 40 41 36 31 15
1953 15 13 11 20 26 37 43 40 36 30 21
1954 15 13 11 10 22 28 41 38 36 15 15
1955 15 13 11 10 26 32 40 40 39 27 20
1956 15 13 11 10 28 37 38 40 30 28 15
1957 15 13 15 22 22 28 35 41 30 26 15
1958 17 17 18 17 19 33 38 38 33 27 27
1959 15 26 25 26 25 33 42 38 33 33 31
1960 22 13 26 25 31 38 42 40 38 33 30
1961 29 23 21 30 28 38 41 43 38 32 22
1962 30 23 11 25 23 37 38 40 38 30 22
1963 15 13 11 10 19 30 36 42 40 27 15
1964 15 13 15 10 22 23 37 36 35 15 15
1965 15 13 11 10 10 33 38 38 30 28 15
1966 15 15 11 10 23 32 36 38 31 15 15
1967 15 13 11 10 10 23 40 41 27 15 15
1968 15 13 11 10 18 29 37 37 32 22 15
1969 15 13 15 17 22 34 38 38 31 15 15
1970 15 13 11 20 20 34 38 39 33 15 15
1971 15 13 11 10 15 27 35 40 21 15 15
1972 15 13 11 10 20 27 37 40 27 15 15
1973 15 13 11 10 10 23 40 36 32 15 15
1974 15 13 11 10 10 23 35 35 30 15 15
1975 15 13 11 10 15 23 36 35 36 15 15
1976 15 13 11 10 10 27 32 31 23 15 15
1977 15 20 11 10 17 24 38 40 32 28 15
1978 15 15 11 10 10 31 32 34 27 15 15
1979 15 13 11 10 17 30 38 38 28 26 15
1980 15 13 11 10 22 36 39 36 34 28 23
1981 15 13 15 10 17 27 39 34 30 15 15
1982 15 13 11 10 19 29 36 41 35 24 15
1983 15 13 15 17 22 29 38 38 33 22 17
1984 15 13 11 10 16 32 36 38 23 20 15
1985 15 13 11 10 15 27 41 38 21 15 15
1986 15 13 11 10 19 32 41 36 28 22 15
1987 15 13 11 14 16 30 36 34 34 34 15
1988 15 13 11 11 21 32 41 39 34 23 15
1989 15 13 11 10 12 28 38 40 33 20 15
1990 15 13 11 10 17 33 37 40 34 26 21
1991 15 13 11 10 17 35 37 38 36 15 15
1992 15 13 11 10 10 23 38 41 29 15 15
1993 15 13 11 11 15 28 36 36 34 18 15
1994 15 13 10 12 21 29 41 41 33 14 15
1995 11 14 10 11 20 26 36 36 34 19 10
1996 11 13 10 10 17 32 42 39 31 20 10
1997 11 13 10 10 14 27 39 40 28 19 10
1998 11 12 11 16 21 31 42 42 35 27 10
1999 11 12 10 10 17 27 37 39 32 29 10
2000 11 12 10 10 15 34 36 40 31 36 10
2001 11 12 10 11 22 30 41 41 29 25 10
2002 11 12 10 10 15 33 40 40 27 22 26
2003 20 12 10 13 20 32 41 37 32 16 10
2004 11 12 10 11 18 32 40 40 33 19 10
2005 11 12 18 14 19 26 39 41 37 29 10
2006 11 12 10 10 21 31 41 37 36 26 10
2007 11 23 10 15 20 30 41 40 29 21 10
2008 11 12 10 10 15 30 40 41 33 32 10
2009 11 12 10 11 16 27 37 42 34 22 10
2010 18 15 21 17 22 35 42 37 36 15 10
2011 11 12 10 10 16 29 41 38 33 14 10
2012 11 12 10 10 19 30 40 37 29 21 22
2013 11 12 15 12 18 36 38 40 33 30 10
2014 11 12 10 13 21 28 39 37 32 25 30
2015 11 12 10 10 21 30 37 41 30 29 10
2016 11 12 11 11 22 32 39 38 37 21 10
