1951 0 0 0 5 8 999 999 999 999 5 8
1952 5 4 4 9 7 999 999 999 999 6 6
1953 5 5 8 9 8 999 999 999 999 7 7
1954 3 0 7 10 7 999 999 999 999 2 8
1955 6 3 3 5 7 999 999 999 999 2 5
1956 0 1 5 5 3 999 999 999 999 1 6
1957 1 0 0 6 6 999 999 999 999 6 8
1958 6 6 7 12 11 999 999 999 999 5 6
1959 4 4 7 9 6 999 999 999 999 3 6
1960 0 3 2 5 6 999 999 999 999 3 5
1961 0 1 6 6 0 999 999 999 999 0 0
1962 1 2 0 2 1 999 999 999 999 2 5
1963 0 0 2 0 3 999 999 999 999 2 5
1964 5 0 6 5 5 999 999 999 999 0 2
1965 0 0 3 2 3 999 999 999 999 7 7
1966 4 5 1 4 9 999 999 999 999 6 6
1967 2 3 2 7 4 999 999 999 999 5 0
1968 0 0 0 1 5 999 999 999 999 1 1
1969 0 1 6 7 1 999 999 999 999 0 0
1970 0 2 2 2 0 999 999 999 999 0 0
1971 0 0 0 0 0 999 999 999 999 0 0
1972 0 0 0 0 0 999 999 999 999 2 0
1973 1 0 0 5 3 999 999 999 999 0 0
1974 0 0 0 0 0 999 999 999 999 0 0
1975 0 0 0 3 1 999 999 999 999 0 1
1976 0 0 0 3 3 999 999 999 999 0 0
1977 0 0 5 2 1 999 999 999 999 3 0
1978 0 0 0 2 3 999 999 999 999 0 1
1979 0 0 1 2 3 999 999 999 999 1 2
1980 3 4 5 9 8 999 999 999 999 0 0
1981 0 0 1 4 3 999 999 999 999 0 0
1982 0 0 1 3 1 999 999 999 999 6 4
1983 4 4 7 7 6 999 999 999 999 0 3
1984 0 0 1 0 5 999 999 999 999 0 0
1985 0 0 5 1 2 999 999 999 999 0 0
1986 0 0 0 2 4 999 999 999 999 2 2
1987 4 1 0 7 7 999 999 999 999 3 3
1988 1 1 3 6 9 999 999 999 999 1 2
1989 2 3 0 5 4 999 999 999 999 4 7
1990 2 3 6 8 2 999 999 999 999 6 3
1991 2 2 4 3 6 999 999 999 999 0 4
1992 1 2 10 8 7 999 999 999 999 1 1
1993 2 1 4 8 11 999 999 999 999 7 3
1994 1 1 8 8 12 999 999 999 999 6 3
1995 2 4 6 8 5 999 999 999 999 2 2
1996 0 0 0 1 6 999 999 999 999 0 0
1997 0 2 4 0 5 999 999 999 999 8 7
1998 7 7 8 9 12 999 999 999 999 2 0
1999 0 1 0 4 0 999 999 999 999 1 2
2000 0 0 1 2 2 999 999 999 999 3 2
2001 0 1 1 5 5 999 999 999 999 4 2
2002 0 6 4 5 8 999 999 999 999 3 3
2003 6 2 4 9 9 999 999 999 999 4 6
2004 0 5 8 7 4 999 999 999 999 3 5
2005 0 3 6 8 4 999 999 999 999 2 2
2006 1 3 0 3 3 999 999 999 999 3 0
2007 7 0 4 1 2 999 999 999 999 0 0
2008 0 0 0 0 1 999 999 999 999 2 2
2009 0 0 0 0 2 999 999 999 999 0 0
2010 0 4 9 10 10 999 999 999 999 0 0
2011 0 0 0 0 2 999 999 999 999 0 2
2012 0 0 0 0 0 999 999 999 999 0 0
2013 0 0 0 0 0 999 999 999 999 0 0
2014 0 0 0 0 0 999 999 999 0 0 1
2015 0 0 1 1 5 999 999 999 999 11 3
2016 3 8 7 10 8 999 999 999 999 3 7
