1951 13 10 13 13 14 20 26 23 24 19 17
1952 13 10 13 13 20 20 26 23 24 19 17
1953 13 10 13 16 18 26 33 37 28 26 23
1954 13 10 18 22 25 24 26 33 27 24 23
1955 17 17 18 17 23 20 26 23 31 19 17
1956 13 17 18 22 22 21 30 23 24 23 17
1957 13 10 13 20 14 20 30 23 24 23 17
1958 17 10 17 20 23 20 26 30 27 22 17
1959 16 16 17 17 22 23 32 23 24 19 17
1960 17 10 13 17 22 20 27 23 31 26 23
1961 17 10 18 18 22 28 33 35 24 26 21
1962 13 17 13 17 22 22 32 31 30 23 23
1963 13 10 13 17 21 20 33 31 33 24 22
1964 13 10 13 22 25 22 33 32 31 26 17
1965 13 10 13 13 14 20 29 25 27 23 23
1966 17 10 13 13 14 22 32 32 24 23 22
1967 13 10 13 13 14 20 26 36 24 19 17
1968 13 10 13 13 14 20 26 23 27 19 18
1969 13 17 17 18 21 20 30 23 30 19 17
1970 13 10 17 18 19 20 26 23 24 19 17
1971 13 10 13 13 14 20 26 23 24 19 17
1972 13 10 13 14 14 20 26 23 27 26 22
1973 16 19 19 17 21 20 26 36 28 19 17
1974 13 10 13 13 14 20 26 23 25 19 17
1975 13 10 13 17 20 20 26 23 33 19 17
1976 13 10 13 13 14 20 26 33 24 22 17
1977 13 10 20 19 21 22 26 23 27 24 17
1978 16 16 16 13 16 20 26 32 27 19 17
1979 17 16 17 19 16 21 27 23 26 22 17
1980 13 13 17 20 19 28 30 25 27 23 23
1981 13 16 16 19 19 20 26 30 27 22 21
1982 13 17 17 16 20 22 26 23 27 23 17
1983 16 16 17 21 20 24 30 25 26 27 21
1984 13 17 17 18 17 20 26 23 25 22 17
1985 13 10 17 13 17 20 26 23 24 25 17
1986 17 10 13 19 14 20 26 23 24 23 17
1987 15 15 15 18 20 20 27 28 24 23 21
1988 17 17 18 18 22 21 29 23 24 28 20
1989 13 10 13 13 14 24 29 23 24 26 20
1990 13 10 13 16 17 20 26 23 24 23 20
1991 13 18 16 20 22 24 29 23 24 19 19
1992 13 10 17 17 14 20 29 23 29 23 17
1993 13 10 17 17 19 17 27 30 27 21 19
1994 13 16 16 17 21 23 26 34 26 18 21
1995 18 14 17 21 19 21 24 25 26 25 20
1996 13 10 18 13 17 24 29 33 24 25 17
1997 13 10 13 13 14 17 27 33 25 24 22
1998 17 16 19 19 22 22 26 31 28 25 22
1999 13 18 13 13 18 17 24 23 24 25 22
2000 13 10 13 17 14 17 24 23 24 27 17
2001 13 10 13 19 15 17 24 28 30 26 17
2002 12 17 15 17 17 19 24 23 24 21 20
2003 15 13 13 16 17 18 30 31 27 22 21
2004 12 17 17 15 17 17 24 23 26 22 20
2005 13 15 15 18 17 19 29 23 31 25 21
2006 18 12 13 15 17 22 24 33 25 27 18
2007 17 10 13 15 15 19 29 23 24 23 17
2008 12 10 13 13 14 17 24 28 30 27 19
2009 12 10 17 13 14 17 29 30 30 20 21
2010 17 16 18 20 20 21 28 32 28 18 17
2011 12 10 13 17 18 17 24 23 28 18 17
2012 12 10 13 17 14 17 24 23 26 23 19
2013 17 19 13 17 19 17 24 23 29 18 19
2014 12 10 17 13 20 17 28 23 27 23 18
2015 12 10 19 18 17 25 24 23 27 23 21
2016 15 17 17 18 19 23 26 35 24 28 21
