1951 228 236 185 150 151 154 141 147 164 196 192
1952 205 226 211 173 141 162 125 140 165 193 203
1953 215 218 203 148 160 160 141 145 158 195 212
1954 226 228 198 158 175 165 114 140 163 191 191
1955 198 230 205 171 154 146 162 138 173 181 195
1956 224 238 205 171 170 169 166 153 176 185 192
1957 222 233 208 164 159 144 177 170 157 188 194
1958 198 223 205 170 163 150 157 138 171 190 195
1959 198 228 191 164 154 166 168 161 166 191 206
1960 208 208 210 158 179 162 160 156 168 182 196
1961 204 235 194 159 158 164 171 161 170 194 191
1962 214 221 194 155 147 159 148 151 167 192 199
1963 208 212 197 164 162 159 154 160 178 188 199
1964 218 232 203 161 144 170 162 157 172 195 198
1965 206 235 196 177 151 153 159 162 176 187 197
1966 206 213 209 162 160 165 161 141 150 188 198
1967 206 235 206 147 139 166 165 162 180 187 176
1968 227 245 205 158 152 162 150 165 178 198 197
1969 236 240 208 159 178 167 136 173 170 202 194
1970 216 227 215 153 153 154 123 151 171 189 205
1971 210 241 202 166 173 172 161 166 157 187 178
1972 213 251 208 152 163 175 169 159 180 195 198
1973 217 226 204 158 168 147 157 159 164 194 197
1974 228 239 206 173 157 177 121 151 176 185 199
1975 210 241 210 163 164 152 158 156 167 196 199
1976 204 230 221 167 164 156 166 165 181 205 205
1977 236 225 188 146 155 148 149 166 157 183 183
1978 217 230 197 177 161 155 157 162 166 188 196
1979 201 219 209 180 152 136 141 159 171 182 184
1980 223 235 212 171 152 152 128 124 172 195 192
1981 209 236 196 157 160 138 138 155 171 192 205
1982 209 237 212 139 159 146 150 147 165 185 197
1983 201 232 202 164 167 149 159 146 179 188 189
1984 215 247 207 174 155 159 156 159 178 197 202
1985 213 243 211 167 160 169 163 155 164 198 208
1986 207 233 215 163 166 152 114 163 157 197 200
1987 203 213 213 172 153 154 154 150 166 190 202
1988 211 217 209 162 170 150 121 130 146 187 189
1989 211 231 183 166 153 144 115 143 174 187 190
1990 217 214 184 164 146 162 149 159 163 175 184
1991 216 224 198 144 142 139 158 143 167 177 187
1992 200 238 211 175 150 171 156 164 180 189 181
1993 214 222 206 177 171 173 131 163 177 188 202
1994 209 242 201 166 162 127 158 156 166 176 182
1995 197 217 193 155 166 153 157 153 169 188 189
1996 218 227 215 181 141 157 89 151 174 193 181
1997 215 230 185 137 153 143 148 153 165 171 191
1998 223 214 200 155 145 138 84 100 155 173 198
1999 205 206 215 162 144 164 104 142 170 184 201
2000 210 231 203 160 155 127 140 131 155 203 198
2001 220 222 200 155 147 148 150 127 165 186 187
2002 196 207 197 163 149 161 114 145 150 194 202
2003 197 223 204 157 132 138 138 143 160 182 194
2004 199 218 205 165 142 128 129 151 157 177 185
2005 220 236 192 160 155 157 130 149 153 170 189
2006 215 209 197 175 154 137 144 146 153 176 196
2007 185 212 200 153 163 150 142 133 147 178 189
2008 222 231 185 155 163 116 124 146 170 177 186
2009 202 220 200 159 150 171 166 161 165 186 190
2010 208 229 204 170 149 115 131 137 151 177 193
2011 223 227 202 157 168 158 119 149 169 181 198
2012 211 243 214 156 147 111 116 143 156 190 212
2013 212 218 190 168 158 151 167 161 165 177 187
2014 207 230 189 145 158 123 161 129 177 186 202
2015 201 214 198 153 159 136 128 117 164 188 194
2016 201 200 188 159 155 150 131 114 147 199 199
