1951 176 196 171 118 161 132 125 117 134 131 165
1952 167 188 198 114 127 129 110 134 144 169 152
1953 159 184 132 112 121 105 140 130 142 133 145
1954 190 223 184 125 101 128 129 148 145 154 144
1955 164 211 187 127 148 142 106 99 126 145 147
1956 162 222 200 143 129 117 157 157 150 148 164
1957 155 189 166 98 128 133 135 144 146 142 135
1958 161 178 210 140 134 155 152 152 142 145 109
1959 160 161 150 143 113 134 117 136 146 164 137
1960 166 206 187 118 128 124 135 165 153 185 162
1961 166 163 154 152 149 126 155 145 151 142 165
1962 155 178 197 122 140 146 156 147 152 137 145
1963 161 228 197 133 108 164 131 149 125 150 175
1964 132 204 198 140 144 130 130 158 138 150 154
1965 166 168 176 168 155 152 158 155 149 151 188
1966 183 196 164 141 120 151 139 148 145 163 140
1967 167 199 177 118 136 135 136 142 155 152 141
1968 181 205 170 143 141 135 155 152 162 163 142
1969 177 220 207 137 155 164 128 142 135 147 162
1970 184 191 167 142 128 124 135 150 152 156 162
1971 158 191 189 132 129 166 130 139 128 149 159
1972 172 182 173 138 146 136 94 115 153 155 156
1973 128 189 163 130 134 115 163 139 151 159 160
1974 168 194 136 135 166 170 157 151 145 166 166
1975 155 174 196 122 106 121 144 128 133 154 150
1976 166 180 182 118 149 144 155 135 165 184 150
1977 169 191 150 137 125 151 146 160 146 160 172
1978 174 209 172 177 146 169 156 148 154 138 138
1979 173 211 174 154 128 127 146 145 136 175 150
1980 179 173 194 139 164 160 158 158 147 171 166
1981 167 186 184 121 142 117 122 120 147 158 157
1982 158 200 173 127 134 168 123 141 135 167 151
1983 155 186 153 139 149 133 121 116 148 148 155
1984 160 167 189 101 143 143 142 136 154 157 168
1985 194 207 178 144 132 167 153 135 151 137 177
1986 175 226 148 144 133 114 145 151 133 150 146
1987 151 186 201 128 128 142 134 147 155 129 149
1988 164 179 185 127 124 114 123 147 142 150 159
1989 132 164 157 136 110 121 113 142 117 153 169
1990 154 172 137 135 118 161 142 135 150 161 160
1991 153 199 147 129 121 141 130 133 135 153 146
1992 129 184 165 155 113 123 141 145 145 179 165
1993 156 146 160 146 133 152 150 141 176 174 149
1994 157 206 155 139 161 148 126 153 137 152 150
1995 161 169 168 116 130 111 134 124 157 141 175
1996 126 193 183 119 133 125 132 122 173 151 144
1997 128 175 159 136 133 148 140 115 137 157 173
1998 161 148 163 160 104 129 142 135 151 154 165
1999 144 182 165 123 145 110 115 152 140 165 141
2000 152 171 151 135 135 137 142 135 151 139 154
2001 157 175 185 130 124 158 118 134 152 157 146
2002 145 164 156 104 134 143 113 114 129 177 166
2003 156 213 152 119 122 154 103 128 124 167 130
2004 179 167 148 132 136 146 135 141 128 167 136
2005 144 190 179 125 127 139 130 125 114 125 132
2006 118 186 184 129 144 97 113 142 130 154 158
2007 146 187 136 116 129 151 153 114 126 117 146
2008 147 149 177 141 130 146 146 141 132 140 138
2009 168 191 174 124 127 140 148 141 110 151 160
2010 178 226 177 111 108 114 101 124 143 172 168
2011 147 187 135 117 119 135 126 138 148 145 147
2012 160 183 144 146 120 151 130 144 135 164 150
2013 174 188 213 133 124 117 127 119 153 157 137
2014 166 176 142 120 122 146 105 150 113 150 137
2015 154 188 122 135 130 125 147 126 130 137 146
2016 180 164 174 138 114 132 126 119 135 152 145
