1951 4 0 6 0 31 10 14 1 10 17 4
1952 6 6 20 5 19 9 20 4 5 9 0
1953 5 5 15 1 9 8 9 2 16 6 14
1954 16 13 3 11 12 4 0 4 5 9 4
1955 0 4 15 10 8 10 13 7 4 0 17
1956 7 6 10 10 11 1 24 0 13 19 24
1957 5 0 7 13 17 7 3 11 16 12 8
1958 15 14 17 6 4 11 6 7 8 15 4
1959 10 18 16 15 17 13 5 7 23 16 0
1960 17 15 9 14 10 18 4 7 16 10 9
1961 16 16 26 17 11 3 0 0 10 0 6
1962 9 11 13 15 17 10 18 4 14 14 7
1963 25 14 15 6 3 10 3 0 3 7 2
1964 14 15 9 0 4 1 8 5 9 5 16
1965 17 22 13 10 12 0 7 4 0 9 7
1966 3 5 14 0 3 0 5 4 17 0 3
1967 14 5 9 5 2 5 3 0 9 3 10
1968 17 10 9 3 3 5 12 7 0 9 3
1969 6 4 5 6 0 3 8 10 9 9 8
1970 6 10 10 0 3 9 0 4 11 9 5
1971 7 16 15 3 0 9 12 2 7 12 2
1972 17 8 11 2 12 2 0 0 12 10 4
1973 17 3 9 12 8 15 4 14 8 14 11
1974 5 0 10 21 11 2 0 0 2 5 3
1975 13 13 11 3 4 0 4 11 0 11 12
1976 25 10 7 12 7 17 14 22 10 3 9
1977 5 2 12 3 10 7 3 3 20 9 6
1978 9 4 11 13 8 8 14 8 8 19 9
1979 7 11 0 5 0 9 2 7 5 14 3
1980 9 9 7 16 13 2 3 9 13 4 18
1981 6 6 8 20 5 10 3 7 6 3 7
1982 11 18 11 20 11 13 7 9 5 4 3
1983 12 14 13 0 0 10 10 11 8 9 13
1984 3 6 5 10 0 14 13 8 6 5 0
1985 17 13 1 3 8 0 4 3 14 22 6
1986 8 10 2 0 6 13 4 0 10 10 8
1987 24 14 11 17 11 2 7 5 14 1 10
1988 3 4 11 4 5 10 0 8 8 2 20
1989 11 4 6 2 7 3 16 6 3 12 17
1990 10 5 6 5 18 5 15 9 8 17 11
1991 12 11 5 10 17 2 12 8 8 15 1
1992 20 16 9 13 16 0 7 0 14 10 12
1993 3 15 19 4 3 14 2 3 13 9 12
1994 10 18 5 0 6 9 17 8 0 10 9
1995 7 7 2 9 9 9 14 19 5 14 21
1996 10 7 8 12 11 10 7 0 24 8 0
1997 21 9 20 16 10 3 13 11 17 22 9
1998 13 15 4 3 12 0 4 9 13 9 12
1999 6 3 0 5 11 0 14 11 0 10 13
2000 14 9 17 3 16 6 11 16 8 0 0
2001 13 13 7 7 19 8 11 8 11 15 14
2002 13 4 7 9 3 9 4 20 22 7 5
2003 13 16 16 11 3 12 10 17 10 16 2
2004 9 12 16 18 5 6 0 8 6 6 20
2005 7 7 24 10 0 16 12 7 6 9 5
2006 9 19 11 0 0 19 24 9 17 13 9
2007 10 15 13 27 5 13 4 0 10 10 26
2008 7 12 13 14 25 8 12 4 7 10 7
2009 11 14 9 16 15 11 4 7 16 14 6
2010 15 0 19 13 4 6 0 6 10 9 4
2011 16 13 15 19 9 10 3 4 10 10 22
2012 15 16 28 4 8 9 0 11 11 13 3
2013 16 10 8 11 3 4 21 12 16 12 11
2014 4 0 15 17 5 14 9 5 12 17 4
2015 6 4 3 12 0 15 10 0 3 19 10
2016 10 8 14 7 5 11 7 2 7 11 11
