1951 92 95 65 55 51 38 27 31 47 79 90
1952 77 106 77 70 47 46 27 32 50 75 92
1953 92 112 86 60 47 35 26 38 52 89 103
1954 71 101 77 36 54 45 31 28 45 64 89
1955 90 80 69 63 56 45 32 39 51 88 74
1956 65 84 84 58 57 43 25 36 51 83 80
1957 63 71 88 56 44 37 27 32 46 71 81
1958 95 90 71 58 57 36 32 35 55 79 91
1959 60 93 87 48 39 39 35 28 52 72 76
1960 82 91 66 62 49 43 27 36 52 83 86
1961 88 102 95 49 47 34 27 38 52 77 92
1962 67 84 74 45 45 37 27 41 60 83 99
1963 57 90 75 54 49 49 30 34 59 91 83
1964 108 111 89 66 45 38 42 44 55 82 77
1965 81 95 73 54 55 52 31 40 41 95 80
1966 91 99 81 48 56 50 33 40 60 79 69
1967 98 106 72 52 33 35 33 45 63 90 89
1968 64 99 79 59 38 43 33 35 53 98 94
1969 72 108 82 67 48 38 32 39 55 75 86
1970 70 93 87 64 42 44 38 41 52 81 70
1971 65 95 93 62 63 40 25 43 52 83 89
1972 78 78 80 58 44 48 23 39 43 75 91
1973 96 99 96 50 58 44 35 41 59 80 70
1974 57 96 81 61 52 43 35 31 39 77 101
1975 90 99 83 54 51 40 32 36 50 83 91
1976 89 95 93 71 58 39 43 44 61 83 89
1977 76 116 92 60 55 38 26 27 50 91 84
1978 80 121 76 55 42 40 26 37 55 81 77
1979 78 78 74 53 51 38 29 35 54 86 85
1980 60 107 91 73 49 34 27 33 48 84 94
1981 100 91 91 53 42 43 29 35 53 65 92
1982 70 67 77 55 51 47 31 33 50 72 87
1983 97 115 87 52 46 50 33 35 52 81 97
1984 76 110 90 63 54 43 29 36 52 67 97
1985 91 83 95 61 54 46 25 36 57 81 63
1986 102 110 94 56 51 48 29 42 47 81 77
1987 106 110 86 72 51 44 27 26 61 81 88
1988 90 106 85 63 46 43 26 40 53 77 94
1989 101 68 62 46 40 34 28 33 47 74 84
1990 93 90 77 35 45 38 26 34 58 80 73
1991 65 103 86 64 50 32 24 34 56 65 80
1992 109 90 90 47 51 45 29 44 57 85 88
1993 89 99 94 64 45 40 22 37 51 76 86
1994 63 75 90 54 54 37 30 34 53 84 88
1995 78 85 69 54 41 42 27 38 50 82 60
1996 75 102 66 64 37 36 31 34 43 74 75
1997 87 100 72 54 41 36 28 30 54 70 90
1998 91 122 86 58 49 28 21 40 51 73 82
1999 87 125 91 54 44 39 21 35 53 75 92
2000 82 129 96 46 43 37 24 29 51 80 87
2001 107 109 89 56 44 32 22 31 57 80 92
2002 92 112 71 45 38 39 28 28 50 68 83
2003 86 86 78 56 46 38 22 35 49 72 74
2004 66 108 76 55 32 25 26 27 52 78 87
2005 67 92 80 48 40 34 27 29 52 83 68
2006 86 87 67 58 40 35 29 32 44 70 59
2007 94 84 75 64 40 30 24 28 52 84 88
2008 98 109 71 43 44 38 30 35 45 84 85
2009 76 90 69 55 36 36 25 37 54 69 100
2010 98 98 98 67 30 36 23 29 47 84 67
2011 83 76 89 57 49 38 25 35 63 86 91
2012 96 112 96 45 45 40 29 35 57 60 62
2013 76 104 67 34 42 34 19 36 55 71 68
2014 84 68 81 66 33 37 25 32 50 75 71
2015 66 72 75 60 44 36 29 30 49 73 83
2016 98 104 83 56 33 35 23 26 52 78 93
