1951 93 95 51 40 36 33 39 33 51 76 79
1952 86 85 71 44 27 36 35 40 49 78 61
1953 86 91 76 32 39 42 31 39 57 76 72
1954 92 96 85 63 30 36 26 29 51 72 79
1955 76 85 87 46 42 29 40 46 55 58 75
1956 60 104 97 46 60 34 29 39 56 75 72
1957 115 90 64 53 41 40 29 37 44 66 77
1958 60 86 55 51 36 39 33 38 61 67 90
1959 74 127 99 53 45 44 38 42 58 87 80
1960 77 70 95 54 35 39 37 37 58 67 87
1961 91 106 88 54 44 44 31 47 62 73 73
1962 104 99 58 63 45 39 28 45 58 72 76
1963 84 88 97 48 51 40 31 39 59 76 71
1964 92 112 109 59 49 53 41 37 59 76 77
1965 89 98 83 59 46 43 39 49 63 82 67
1966 80 95 70 54 46 48 36 35 52 76 81
1967 82 124 98 65 48 47 36 44 52 74 89
1968 78 91 78 52 41 46 38 46 42 61 83
1969 65 71 83 56 49 49 41 36 58 76 64
1970 95 94 67 58 50 46 36 39 60 57 73
1971 98 99 79 43 50 34 38 47 57 71 74
1972 116 120 85 61 47 45 37 47 63 83 79
1973 90 94 76 41 36 37 36 36 55 66 72
1974 109 102 105 63 49 43 34 41 67 71 75
1975 104 106 89 45 37 33 40 42 57 73 79
1976 88 120 105 45 42 45 35 46 47 82 87
1977 79 93 75 51 37 36 38 44 58 73 76
1978 84 78 98 49 46 50 36 47 55 85 96
1979 72 117 71 38 35 46 33 47 55 72 73
1980 77 93 81 48 36 41 40 38 64 63 78
1981 69 86 73 54 43 43 36 39 44 62 69
1982 97 111 97 67 35 36 39 45 57 68 88
1983 85 87 74 40 45 41 36 45 51 71 65
1984 97 86 75 41 45 37 36 44 61 71 79
1985 84 101 91 62 44 39 42 40 52 81 79
1986 86 93 103 42 38 54 40 43 51 86 95
1987 87 90 67 52 48 35 35 44 49 70 73
1988 95 98 72 40 39 40 31 44 52 67 81
1989 105 112 103 51 45 34 35 40 59 72 94
1990 98 123 83 58 45 43 36 39 56 80 78
1991 107 99 82 44 38 36 33 44 51 68 73
1992 89 106 77 56 55 39 44 45 57 61 81
1993 102 96 84 48 29 40 27 38 63 72 101
1994 91 112 90 54 37 47 37 41 47 61 87
1995 71 112 71 33 37 34 39 45 54 71 72
1996 95 90 78 39 44 39 34 43 44 69 64
1997 89 105 94 49 42 33 34 45 49 66 75
1998 72 78 72 35 30 22 29 37 44 61 68
1999 89 80 58 38 39 42 38 40 48 78 73
2000 87 98 66 48 47 43 27 36 60 70 64
2001 84 101 71 51 33 35 30 41 44 76 71
2002 102 104 91 60 48 40 35 37 51 70 81
2003 81 118 93 50 39 41 32 34 45 60 82
2004 92 85 85 47 47 39 38 39 54 60 74
2005 83 77 78 34 27 39 34 40 52 57 73
2006 83 91 56 42 28 38 35 37 44 61 76
2007 86 100 85 46 46 30 29 38 55 66 79
2008 89 106 86 42 33 31 31 34 55 66 63
2009 93 85 75 46 57 34 25 38 50 72 73
2010 66 71 61 31 33 38 32 30 49 66 60
2011 78 121 81 84 35 28 32 33 56 68 87
2012 90 90 81 39 32 24 28 36 47 63 73
2013 92 95 60 55 39 38 36 42 48 66 86
2014 91 110 98 57 35 32 29 32 61 57 86
2015 93 112 95 57 45 39 27 36 53 74 78
2016 73 90 80 42 35 34 30 33 53 66 59
