1951 12 0 11 20 0 5 9 3 12 3 5
1952 16 0 0 9 8 13 9 16 13 9 3
1953 12 9 16 7 8 0 12 15 14 7 9
1954 0 0 14 7 0 11 14 9 23 22 14
1955 27 10 3 1 17 14 0 0 8 28 7
1956 11 0 4 5 8 4 7 26 13 10 6
1957 16 13 10 2 3 18 16 10 14 17 3
1958 13 12 3 14 16 11 6 16 7 6 3
1959 11 5 5 7 2 6 3 8 6 8 3
1960 10 11 0 1 3 3 3 5 3 3 4
1961 2 6 1 13 17 12 26 24 11 1 10
1962 22 6 18 4 11 14 13 22 4 0 6
1963 6 10 16 12 2 20 18 12 6 10 17
1964 11 11 11 26 25 20 14 21 16 11 13
1965 7 6 14 4 16 21 18 14 22 13 21
1966 23 23 16 23 10 12 23 26 11 21 13
1967 16 14 13 25 8 21 22 16 12 23 13
1968 14 15 15 15 20 14 16 16 17 20 20
1969 10 9 17 15 18 9 9 6 15 9 15
1970 13 16 13 16 19 15 17 21 9 12 16
1971 19 10 16 24 21 14 8 20 21 19 20
1972 5 7 15 18 11 7 10 8 6 13 21
1973 11 15 17 5 12 9 14 14 13 15 14
1974 9 13 6 7 11 17 4 20 8 6 14
1975 10 11 16 13 7 19 18 17 21 5 13
1976 6 1 3 10 8 13 7 3 4 5 11
1977 12 20 8 15 9 13 15 16 5 15 14
1978 8 11 7 6 9 12 9 9 22 12 18
1979 19 10 15 13 11 11 22 10 23 11 9
1980 18 12 15 6 7 13 18 18 8 11 12
1981 18 12 21 10 0 7 3 19 19 8 15
1982 14 6 10 8 11 17 16 16 18 16 15
1983 19 7 12 12 17 20 17 17 5 19 17
1984 10 7 21 7 2 9 14 16 12 14 15
1985 14 15 11 21 9 25 18 19 13 3 4
1986 14 13 8 14 20 5 17 22 14 8 15
1987 2 5 9 9 6 14 18 13 10 11 14
1988 15 9 14 23 15 17 9 11 13 20 10
1989 20 17 13 9 20 13 9 16 18 17 2
1990 21 23 22 16 13 23 6 16 15 10 18
1991 17 9 23 10 6 9 12 17 16 7 13
1992 8 11 12 6 13 15 24 20 2 9 9
1993 16 10 9 20 17 16 11 15 15 17 0
1994 13 7 12 17 20 18 3 12 12 15 21
1995 18 19 22 9 3 0 11 7 12 15 9
1996 15 16 5 13 15 20 17 13 3 11 11
1997 10 19 11 8 12 13 14 20 10 6 2
1998 12 11 10 12 5 15 5 15 6 14 12
1999 22 17 14 8 16 8 10 16 12 11 13
2000 15 20 10 11 4 16 8 15 2 10 5
2001 2 7 21 11 3 16 3 15 0 16 12
2002 18 24 24 7 0 21 0 9 2 16 19
2003 15 7 15 7 4 18 0 10 10 10 11
2004 9 12 11 7 4 14 2 12 7 12 8
2005 15 1 7 12 3 11 8 4 16 11 14
2006 2 1 14 23 11 4 0 6 9 14 11
2007 21 11 13 3 15 11 11 10 11 3 4
2008 4 10 18 8 0 22 6 20 2 12 21
2009 5 3 22 10 3 15 10 7 4 10 7
2010 0 14 9 8 7 8 0 10 3 10 19
2011 9 7 14 4 0 6 2 9 2 15 5
2012 2 9 3 5 10 10 10 11 13 2 11
2013 0 4 14 3 1 8 7 2 11 7 4
2014 9 8 7 0 5 8 3 5 3 5 2
2015 13 9 14 13 11 9 17 15 5 11 10
2016 15 4 3 7 16 2 7 5 7 5 4
