1951 285 270 140 10 70 90 282 90 270 285 100
1952 135 142 270 160 95 172 95 250 260 110 135
1953 275 275 75 85 65 250 215 220 60 285 285
1954 278 260 135 285 210 285 340 320 330 300 285
1955 60 258 265 255 275 60 290 100 160 100 80
1956 275 250 275 145 280 340 182 150 75 260 280
1957 288 255 72 300 100 45 150 165 140 290 280
1958 280 270 85 285 240 120 172 85 300 170 290
1959 140 295 90 280 280 320 200 320 290 280 275
1960 255 90 280 300 300 300 260 290 280 80 260
1961 265 290 290 60 115 310 250 285 262 230 180
1962 285 290 45 105 150 155 175 170 300 100 270
1963 275 80 275 100 295 285 75 240 120 250 60
1964 90 270 275 265 120 280 300 160 265 285 87
1965 285 255 25 270 70 290 280 285 275 170 140
1966 115 130 300 280 95 210 295 50 40 105 275
1967 100 110 265 120 90 290 240 220 285 315 275
1968 295 290 70 70 110 70 276 60 210 130 90
1969 145 140 285 115 275 285 220 210 300 330 270
1970 275 280 150 140 285 240 225 195 200 240 140
1971 80 285 115 75 290 90 0 255 270 100 60
1972 275 275 290 85 275 290 75 290 270 287 285
1973 140 300 290 115 85 100 185 60 170 80 125
1974 272 255 280 270 270 260 180 90 280 112 250
1975 275 100 290 270 70 40 270 270 270 100 130
1976 280 290 290 295 270 280 135 150 60 260 115
1977 180 280 80 120 64 300 277 270 270 270 280
1978 80 110 285 280 275 285 280 250 50 270 295
1979 110 270 270 90 60 250 280 275 310 125 130
1980 270 120 265 280 90 100 270 240 270 130 115
1981 50 290 75 80 100 15 195 260 270 300 45
1982 80 285 280 270 130 30 50 270 300 224 270
1983 305 290 285 280 270 160 305 305 195 280 60
1984 290 310 270 90 155 160 245 300 285 275 90
1985 295 245 280 270 297 330 255 240 200 310 275
1986 275 80 280 85 285 130 240 200 90 285 283
1987 280 260 110 290 280 90 30 265 190 90 270
1988 80 277 100 90 280 320 90 252 120 70 60
1989 150 290 285 120 285 120 170 75 298 270 260
1990 275 270 320 130 80 170 275 25 268 285 108
1991 280 290 250 102 90 260 0 295 300 105 60
1992 280 290 110 295 150 125 30 145 215 100 290
1993 280 85 120 80 90 280 120 265 280 105 275
1994 280 270 290 280 65 290 30 115 230 75 110
1995 110 290 280 15 270 40 270 170 285 70 80
1996 280 140 280 100 100 250 160 250 305 215 145
1997 70 287 290 45 270 85 300 260 295 110 120
1998 270 100 150 160 40 100 170 180 110 270 180
1999 280 290 155 80 290 325 60 290 155 305 135
2000 280 300 30 65 275 60 25 315 265 270 240
2001 290 275 305 110 60 170 290 250 135 70 55
2002 285 285 280 260 110 60 265 250 110 220 275
2003 75 285 75 115 100 30 135 210 35 130 205
2004 285 265 265 280 260 280 270 270 265 260 65
2005 285 275 90 285 15 295 75 10 45 105 245
2006 285 150 130 300 130 290 290 105 110 110 280
2007 285 105 280 20 290 275 105 35 280 325 280
2008 200 280 270 110 80 165 270 70 285 150 310
2009 115 145 265 75 270 80 250 160 295 285 185
2010 275 140 160 180 270 75 205 85 135 255 80
2011 265 280 60 280 290 120 280 180 265 275 230
2012 285 290 285 35 90 150 130 210 205 160 260
2013 270 270 145 270 160 225 265 275 285 100 110
2014 280 280 285 83 140 60 10 85 245 100 90
2015 285 285 295 300 295 25 60 200 220 270 265
2016 145 265 277 60 105 180 150 105 237 280 280
