1951 0 0 0 0 0 0 13 16 3 0 4
1952 0 0 0 0 7 7 22 10 1 0 0
1953 0 0 0 0 0 4 22 14 0 2 0
1954 0 0 0 0 0 19 6 12 5 13 0
1955 0 0 0 0 1 4 13 12 2 0 0
1956 0 0 0 0 0 3 20 9 1 14 0
1957 0 0 0 0 4 9 13 13 13 0 2
1958 9 13 0 4 0 16 16 16 9 3 0
1959 0 0 3 0 9 14 19 24 11 13 6
1960 0 10 0 0 11 30 26 29 20 12 0
1961 0 0 0 10 8 9 17 19 14 5 0
1962 6 0 0 8 0 9 20 22 13 15 10
1963 0 0 0 0 0 9 17 12 14 0 0
1964 1 0 0 0 0 2 9 9 6 2 0
1965 0 0 0 0 0 4 3 3 0 1 0
1966 0 0 0 0 0 11 2 20 3 0 0
1967 0 0 0 0 0 3 14 14 8 3 2
1968 0 0 0 0 0 13 21 9 6 0 6
1969 0 0 0 0 1 23 31 11 16 2 0
1970 0 0 0 1 0 23 23 23 2 0 0
1971 0 0 0 0 0 4 4 1 0 0 0
1972 0 0 0 0 0 0 3 1 0 0 0
1973 0 0 0 0 0 7 12 3 17 0 0
1974 0 0 0 0 0 0 1 2 0 1 0
1975 0 0 0 0 0 4 3 3 3 1 0
1976 0 0 0 0 0 0 3 5 2 0 0
1977 0 1 0 0 0 4 4 8 3 1 0
1978 0 3 1 0 0 2 4 13 0 1 0
1979 0 0 0 0 1 12 34 10 7 5 0
1980 0 0 0 0 0 14 20 13 4 6 5
1981 3 0 1 0 0 14 20 16 7 0 2
1982 0 0 0 0 0 6 13 11 3 0 0
1983 5 4 9 2 1 11 32 18 6 3 6
1984 0 0 1 0 3 5 2 4 0 0 0
1985 0 0 0 0 0 7 14 9 0 0 0
1986 0 0 0 0 0 11 17 11 0 6 0
1987 0 0 0 1 0 11 18 24 3 4 0
1988 0 0 0 0 0 13 29 23 12 4 1
1989 0 0 0 0 0 5 23 4 0 0 0
1990 0 0 0 0 3 12 15 25 9 5 0
1991 0 0 0 0 3 8 26 25 4 0 1
1992 4 0 5 2 1 26 23 35 7 8 0
1993 0 0 0 10 11 27 37 35 17 11 3
1994 0 0 2 4 13 31 31 34 22 13 9
1995 5 4 4 6 15 28 33 38 29 18 2
1996 0 0 0 0 0 12 26 17 2 0 0
1997 0 0 0 0 0 9 25 25 8 0 1
1998 7 14 7 13 14 25 31 33 4 7 1
1999 0 0 0 0 0 5 23 16 4 1 0
2000 0 2 0 0 3 7 13 13 0 0 0
2001 2 0 0 0 0 3 16 34 14 1 0
2002 0 3 0 0 0 15 30 29 5 0 5
2003 4 1 1 1 2 13 28 32 19 9 0
2004 1 1 0 0 1 23 24 33 20 0 2
2005 1 0 2 5 7 23 36 27 26 17 3
2006 2 0 0 0 11 25 38 27 20 1 0
2007 1 0 0 3 15 28 35 29 26 13 1
2008 0 0 0 0 2 17 27 24 17 10 3
2009 0 0 0 7 9 23 33 32 35 15 0
2010 9 4 3 9 17 32 39 40 22 10 0
2011 0 0 0 0 3 15 31 29 24 0 0
2012 0 0 0 0 0 7 4 8 3 0 0
2013 0 0 0 0 0 4 2 4 7 0 0
2014 0 0 0 0 0 2 5 8 12 1 2
2015 1 0 0 0 1 4 17 13 1 12 0
2016 11 4 10 6 12 27 25 20 25 11 5
