1951 15 28 14 10 0 15 8 27 8 11 21
1952 9 23 11 16 4 8 2 11 12 13 27
1953 14 14 0 22 14 22 10 14 0 18 7
1954 15 15 14 12 19 15 17 18 2 0 12
1955 4 14 13 19 6 6 18 24 18 3 6
1956 13 23 17 15 12 25 0 5 4 2 0
1957 10 15 14 15 11 5 12 10 0 2 19
1958 3 2 11 10 11 8 19 8 15 10 23
1959 10 5 10 8 12 11 23 16 1 7 27
1960 4 3 22 15 18 9 24 19 11 18 17
1961 13 6 4 0 3 15 5 7 9 30 14
1962 0 11 0 11 3 6 0 5 12 17 17
1963 0 4 0 12 26 0 10 19 21 14 11
1964 6 3 11 4 2 9 9 5 5 15 1
1965 7 0 4 16 3 9 6 13 8 9 2
1966 5 0 1 7 18 18 3 1 2 10 14
1967 1 9 9 0 21 4 6 15 9 5 7
1968 0 4 7 12 8 11 3 8 13 2 7
1969 15 15 9 9 13 18 14 15 6 13 7
1970 12 2 8 14 9 6 14 6 10 10 9
1971 5 2 0 3 10 7 11 9 2 0 8
1972 9 14 5 10 8 21 21 23 12 8 5
1973 3 10 5 13 11 6 13 3 9 2 5
1974 17 15 15 2 9 11 27 11 20 20 13
1975 8 4 4 14 20 11 9 3 9 15 5
1976 0 18 21 8 16 0 10 6 16 23 10
1977 14 6 11 12 12 10 13 12 5 7 10
1978 14 13 13 11 14 10 8 14 0 0 3
1979 5 7 16 12 20 10 7 14 2 6 18
1980 4 8 9 8 11 15 10 4 9 16 0
1981 7 10 2 0 26 13 25 5 5 20 8
1982 6 4 10 2 9 0 8 6 7 11 12
1983 0 7 6 18 14 0 4 3 17 3 0
1984 18 16 5 13 29 7 4 7 12 12 15
1985 0 0 19 6 14 5 9 9 3 6 20
1986 9 5 21 16 5 12 10 9 6 13 7
1987 5 9 11 4 14 14 6 13 6 19 6
1988 13 16 6 3 11 3 22 12 9 9 0
1989 0 7 12 19 4 14 6 9 9 2 11
1990 0 0 3 9 0 2 10 6 7 4 1
1991 2 8 3 10 8 19 7 6 6 9 16
1992 3 2 10 11 2 15 0 11 14 12 9
1993 12 3 3 6 11 0 18 13 2 5 18
1994 8 3 14 13 5 3 11 11 18 6 0
1995 6 2 7 12 19 21 6 5 13 2 0
1996 6 6 18 5 5 0 7 18 3 12 19
1997 0 0 0 6 9 14 4 0 3 3 19
1998 6 2 17 15 14 15 22 7 11 8 6
1999 3 8 17 17 4 22 7 4 18 10 4
2000 2 0 4 16 11 8 12 0 20 21 25
2001 16 8 3 12 9 6 17 8 19 0 4
2002 0 0 0 14 28 0 27 2 6 8 6
2003 3 5 0 12 24 0 21 4 10 5 17
2004 13 5 4 5 22 10 29 11 17 13 2
2005 9 20 0 8 28 3 11 20 8 11 11
2006 20 8 6 7 20 7 7 16 4 4 10
2007 0 2 5 0 11 6 16 21 9 18 0
2008 20 7 0 8 6 0 13 7 21 9 2
2009 15 11 0 4 13 4 17 17 10 7 17
2010 16 14 3 9 20 16 31 15 17 12 7
2011 6 8 2 7 22 14 26 18 18 6 3
2012 14 4 0 21 13 11 21 9 6 16 16
2013 15 14 9 16 27 18 3 17 3 12 15
2014 18 20 9 13 21 8 19 21 15 9 24
2015 12 15 14 5 20 6 4 16 22 1 10
2016 6 17 14 16 10 17 17 24 16 15 15
