1951 107 98 129 114 117 101 92 74 83 103 172
1952 146 71 114 133 118 99 81 110 113 164 124
1953 107 86 137 79 96 51 84 97 132 133 117
1954 92 104 124 102 70 82 65 96 138 146 134
1955 134 101 129 107 125 90 66 88 116 164 174
1956 111 21 88 132 116 68 63 115 139 171 100
1957 145 90 120 127 93 91 45 74 119 190 163
1958 120 136 123 118 140 89 85 85 124 154 158
1959 130 119 118 138 112 69 62 70 124 138 91
1960 102 167 96 106 79 75 66 95 108 170 159
1961 114 124 144 165 123 101 77 108 126 124 149
1962 149 111 126 118 104 117 71 119 121 149 118
1963 88 120 143 120 112 97 81 82 125 151 156
1964 142 67 117 149 126 100 67 96 130 129 175
1965 124 88 119 103 130 105 84 104 116 164 161
1966 125 185 134 111 119 80 83 108 159 165 145
1967 144 113 135 118 114 77 66 83 109 154 106
1968 88 79 159 136 125 104 84 79 111 167 170
1969 81 82 132 153 119 96 65 59 123 150 148
1970 107 112 66 155 113 82 71 102 102 154 168
1971 165 67 106 137 110 88 69 96 113 177 168
1972 101 104 120 124 119 73 48 83 107 135 178
1973 144 109 104 120 96 86 60 89 140 162 183
1974 90 98 73 106 106 81 77 95 108 134 158
1975 144 98 119 119 105 95 84 107 132 141 162
1976 129 123 79 114 105 81 70 71 109 133 131
1977 57 114 156 109 87 71 72 88 152 175 149
1978 131 111 120 119 98 94 90 99 146 160 175
1979 142 148 122 104 121 100 75 100 131 155 168
1980 87 84 84 93 109 85 77 80 105 124 186
1981 97 78 146 142 96 73 83 59 112 112 103
1982 150 101 118 131 116 95 57 112 137 158 171
1983 151 84 116 115 105 60 70 98 110 164 183
1984 90 57 74 121 79 79 73 101 104 155 144
1985 108 62 111 146 118 74 83 105 110 146 119
1986 113 90 126 119 127 68 80 99 166 144 131
1987 135 142 77 128 111 106 73 89 137 110 137
1988 118 84 86 159 83 76 59 104 117 151 157
1989 165 153 121 106 102 64 76 119 112 166 139
1990 137 157 165 98 132 75 65 87 129 169 213
1991 115 98 113 98 97 84 56 99 125 140 148
1992 147 122 117 128 100 83 83 109 86 171 180
1993 162 120 122 98 104 86 68 99 123 169 108
1994 153 110 137 116 123 106 62 100 127 158 190
1995 116 139 127 103 99 87 90 85 107 174 148
1996 80 112 75 112 121 86 81 103 106 140 132
1997 140 168 138 124 119 91 77 85 113 138 171
1998 89 193 127 167 131 87 69 98 147 191 130
1999 136 118 99 148 113 84 84 132 111 132 142
2000 121 132 126 114 117 97 72 111 127 115 116
2001 101 129 137 134 123 85 73 103 111 156 161
2002 161 184 164 101 105 93 82 88 143 137 127
2003 161 99 127 121 125 95 42 77 113 143 136
2004 104 125 118 129 106 110 72 98 145 170 175
2005 103 63 128 115 98 92 69 94 122 143 113
2006 88 113 139 125 119 71 70 97 133 184 130
2007 166 167 96 112 143 104 80 101 136 129 142
2008 104 140 151 118 90 94 78 115 104 163 163
2009 119 117 120 124 135 71 70 85 117 143 148
2010 78 104 138 105 85 123 68 110 136 150 168
2011 92 134 125 118 92 75 70 103 118 156 141
2012 125 62 116 133 109 76 71 122 132 133 135
2013 112 98 147 120 96 65 58 81 119 171 169
2014 125 105 131 136 99 86 55 91 114 153 134
2015 150 123 129 141 106 92 109 94 105 136 149
2016 68 127 114 101 105 66 73 100 91 79 133
