1951 608 599 674 687 775 796 828 841 839 783 723
1952 652 610 654 751 784 825 869 844 843 792 708
1953 623 678 680 738 796 835 856 868 847 771 720
1954 603 643 700 762 782 813 836 849 840 779 722
1955 645 647 691 717 776 812 832 858 843 791 757
1956 619 659 704 761 806 828 872 860 852 811 752
1957 615 606 685 724 768 821 839 860 839 788 739
1958 657 644 715 779 777 823 851 847 850 800 750
1959 643 618 703 776 779 829 847 852 850 814 718
1960 642 698 675 731 783 833 855 862 844 796 715
1961 647 608 680 755 800 835 854 861 838 786 716
1962 620 651 686 752 779 819 844 862 836 787 705
1963 662 678 698 735 781 833 842 858 845 805 726
1964 604 625 713 750 782 812 841 850 832 804 736
1965 668 616 684 742 797 819 842 852 835 802 744
1966 665 677 684 734 786 836 839 855 835 774 716
1967 639 639 672 735 784 820 843 843 826 775 678
1968 607 599 676 753 774 825 837 840 836 770 728
1969 589 614 726 752 799 816 837 851 823 789 728
1970 623 619 642 757 793 819 826 861 820 790 720
1971 620 615 712 747 777 809 829 838 814 788 739
1972 646 577 703 730 789 814 814 851 823 786 734
1973 621 647 688 749 779 816 846 858 839 788 742
1974 605 612 682 752 790 805 827 825 812 788 719
1975 624 625 680 727 764 804 833 856 825 786 706
1976 649 627 650 734 783 800 832 840 824 776 718
1977 602 647 727 725 764 810 826 851 843 789 737
1978 608 630 655 750 793 824 845 850 828 798 707
1979 648 641 645 758 774 826 836 845 817 806 734
1980 611 628 659 748 796 822 844 845 826 782 743
1981 626 629 682 738 798 813 839 831 825 764 695
1982 657 602 654 730 788 807 832 839 814 792 705
1983 631 610 651 703 788 813 837 861 833 784 742
1984 588 603 688 728 786 812 825 855 805 784 720
1985 626 605 680 739 779 800 842 848 825 783 703
1986 641 633 656 722 775 796 846 844 830 788 725
1987 675 680 685 742 785 811 836 852 843 776 742
1988 643 638 647 760 783 824 849 844 833 780 759
1989 604 602 667 705 788 809 844 844 830 798 716
1990 652 624 675 708 802 826 837 866 846 787 755
1991 619 640 685 723 775 822 839 850 837 777 722
1992 653 600 656 743 767 809 834 853 822 776 746
1993 612 671 659 746 780 818 831 841 837 789 732
1994 636 603 687 723 801 814 848 861 834 780 750
1995 618 622 674 719 802 821 834 848 834 786 731
1996 617 655 679 741 786 835 859 863 839 788 725
1997 644 616 697 758 787 814 851 863 845 797 717
1998 632 664 676 777 812 834 848 864 864 811 769
1999 648 708 665 763 790 821 839 851 845 797 742
2000 635 606 674 741 812 820 847 844 826 789 719
2001 628 646 698 741 794 820 846 856 833 800 754
2002 655 678 707 746 786 825 838 863 836 792 742
2003 673 642 678 747 768 810 844 853 838 799 724
2004 631 660 718 759 783 815 834 843 841 789 734
2005 624 624 708 751 768 817 848 838 853 796 715
2006 649 693 689 738 805 821 852 862 841 811 725
2007 662 651 687 776 808 821 833 856 829 786 749
2008 601 622 703 739 795 824 838 844 831 800 748
2009 673 650 693 750 786 811 832 854 839 787 721
2010 671 634 714 756 780 815 857 871 830 786 740
2011 596 636 680 755 797 812 839 855 825 785 739
2012 585 602 663 727 780 792 823 847 821 762 688
2013 626 652 719 732 777 815 828 849 825 798 721
2014 654 610 689 735 770 808 841 836 828 792 713
2015 650 654 699 744 791 810 853 854 831 807 739
2016 630 675 709 742 786 839 849 870 839 780 737
