1951 146 148 140 135 136 999 999 999 130 135 141
1952 138 142 144 141 144 999 999 999 133 128 136
1953 145 147 142 146 125 999 999 999 130 141 144
1954 140 152 140 137 148 999 999 999 129 129 145
1955 142 137 134 137 145 999 999 999 125 132 134
1956 138 138 140 139 134 999 999 999 122 127 131
1957 146 138 154 147 140 999 999 999 125 136 140
1958 142 141 144 151 151 999 999 999 124 132 139
1959 138 155 151 131 159 999 999 999 118 136 131
1960 143 143 147 142 136 999 999 999 132 139 132
1961 142 143 147 138 145 999 999 999 126 135 143
1962 142 144 144 131 139 999 999 999 134 140 135
1963 137 143 147 138 151 999 999 999 147 130 135
1964 151 154 153 155 142 999 999 999 136 137 138
1965 140 150 150 146 138 999 999 999 130 138 136
1966 149 141 139 150 146 999 999 999 135 136 134
1967 145 149 146 151 141 999 999 999 131 140 143
1968 143 151 139 149 137 999 999 999 123 145 128
1969 141 141 143 146 139 999 999 999 151 135 132
1970 140 147 145 150 138 999 999 999 120 137 138
1971 140 141 150 142 137 999 999 999 128 138 144
1972 143 136 147 132 141 999 999 999 128 128 140
1973 146 151 149 135 145 999 999 999 138 136 140
1974 144 142 148 132 140 999 999 999 124 133 146
1975 147 145 144 150 147 999 999 999 136 141 141
1976 145 142 147 142 132 999 999 999 135 140 135
1977 143 151 148 142 162 999 999 999 133 144 130
1978 142 152 148 145 144 999 999 999 143 140 147
1979 148 134 154 151 141 999 999 999 122 138 130
1980 134 150 155 141 134 999 999 999 132 134 144
1981 153 142 154 144 138 999 999 999 135 134 141
1982 139 144 143 143 131 999 999 999 135 135 138
1983 152 142 157 124 145 999 999 999 127 140 142
1984 138 143 141 155 154 999 999 999 139 135 147
1985 144 146 136 128 156 999 999 999 121 135 135
1986 139 142 146 133 140 999 999 999 133 144 142
1987 148 148 146 150 137 999 999 999 128 134 132
1988 143 152 139 131 154 999 999 999 133 144 139
1989 149 145 133 145 139 999 999 999 129 135 135
1990 144 144 156 128 156 999 999 999 124 134 135
1991 155 142 153 144 155 999 999 999 134 131 133
1992 151 145 155 142 145 999 999 999 124 147 135
1993 145 158 150 155 156 999 999 999 136 135 145
1994 139 149 147 148 134 999 999 999 121 136 137
1995 138 154 134 135 123 999 999 999 142 135 136
1996 141 144 151 150 163 999 999 999 131 137 135
1997 155 155 146 148 151 999 999 999 133 132 135
1998 139 164 143 154 126 999 999 999 133 135 138
1999 143 146 145 139 135 999 999 999 130 128 135
2000 139 158 152 133 130 999 999 999 128 135 141
2001 150 150 138 143 130 999 999 999 137 155 138
2002 143 141 144 128 159 999 999 999 141 127 135
2003 143 155 149 150 143 999 999 999 137 132 135
2004 150 160 141 147 128 999 999 999 123 135 148
2005 142 143 143 143 136 999 999 999 135 134 133
2006 144 135 133 131 141 999 999 999 132 136 128
2007 146 143 141 154 137 999 999 999 130 135 139
2008 149 149 131 132 123 999 999 999 131 135 132
2009 133 150 133 147 143 999 999 999 133 134 132
2010 143 140 139 141 161 999 999 999 140 131 132
2011 157 142 149 136 158 999 999 999 126 143 145
2012 145 149 140 133 151 999 999 999 121 129 131
2013 159 148 140 136 155 999 999 999 124 136 133
2014 149 135 151 163 150 999 999 999 155 137 141
2015 143 143 143 145 147 999 999 999 129 143 137
2016 149 143 143 155 169 999 999 999 117 147 138
