1951 65 54 71 67 46 30 40 58 58 48 67
1952 76 90 54 55 60 61 33 34 40 51 86
1953 63 69 47 64 49 53 40 42 55 47 63
1954 71 55 71 57 59 45 62 37 40 50 62
1955 83 63 56 67 56 45 31 38 48 47 55
1956 87 74 63 64 45 52 34 27 41 49 90
1957 55 61 74 66 63 46 47 35 65 50 61
1958 70 78 54 57 51 42 36 33 65 57 64
1959 94 56 49 50 61 51 40 35 39 53 68
1960 56 50 55 58 48 39 39 36 34 46 66
1961 77 57 87 67 43 47 31 31 42 57 52
1962 64 64 69 55 55 50 32 34 52 56 71
1963 67 62 67 56 48 39 42 44 46 53 59
1964 67 72 59 43 42 33 45 36 48 67 52
1965 75 62 62 63 50 32 42 36 53 44 62
1966 74 69 59 63 45 36 38 32 65 44 90
1967 74 62 67 59 41 48 29 44 66 60 96
1968 64 51 63 57 48 39 48 33 53 54 56
1969 50 69 48 56 38 37 37 36 56 44 79
1970 68 58 82 51 43 47 53 39 45 63 73
1971 57 52 64 45 31 46 26 38 34 50 68
1972 62 59 57 61 40 43 48 56 41 63 61
1973 48 71 62 69 44 43 42 42 53 54 65
1974 52 61 62 55 44 45 48 36 48 70 50
1975 61 59 54 67 49 37 32 33 30 40 67
1976 78 66 67 58 46 48 32 47 42 51 73
1977 53 65 63 64 58 51 32 37 52 38 78
1978 64 75 72 43 47 49 42 31 36 55 57
1979 70 65 61 47 56 60 40 37 43 57 80
1980 78 72 65 57 46 28 38 47 64 56 44
1981 71 68 50 50 56 50 30 42 44 75 81
1982 73 58 51 57 51 63 42 38 48 75 58
1983 74 77 67 63 43 41 30 42 49 51 57
1984 69 76 72 68 40 52 32 37 44 45 43
1985 67 62 73 50 47 43 34 27 63 54 56
1986 72 59 55 67 45 48 48 27 39 73 70
1987 67 69 74 54 60 56 42 29 32 64 64
1988 72 72 84 46 42 50 46 37 35 36 70
1989 44 58 75 76 47 49 36 34 41 48 69
1990 59 50 57 54 43 37 33 31 29 54 57
1991 45 56 50 58 57 52 39 37 47 51 69
1992 66 51 50 40 50 48 37 36 51 47 75
1993 59 60 78 58 60 42 33 36 32 48 76
1994 78 65 64 44 41 42 41 24 37 60 53
1995 86 57 92 74 58 50 35 42 45 41 60
1996 73 78 67 35 45 37 34 32 37 56 87
1997 43 52 66 66 53 37 33 29 50 76 72
1998 71 67 74 36 50 42 37 44 35 38 50
1999 70 97 50 48 60 47 38 29 46 68 64
2000 74 60 68 55 38 51 39 35 34 56 63
2001 66 66 67 75 51 43 42 48 43 31 68
2002 45 65 57 52 43 21 42 35 29 35 64
2003 59 58 52 59 46 54 46 43 14 54 60
2004 68 63 55 54 57 46 42 41 38 53 71
2005 66 53 79 47 48 41 28 41 41 57 71
2006 57 74 64 50 46 39 27 35 53 26 77
2007 71 48 53 64 35 38 47 45 40 60 72
2008 79 59 48 92 46 47 32 39 46 40 64
2009 70 59 71 61 36 42 35 34 32 72 66
2010 76 60 61 60 49 40 46 43 42 51 54
2011 68 64 76 65 51 40 56 41 66 52 45
2012 70 77 74 80 54 45 37 31 38 49 55
2013 49 71 57 52 37 41 33 25 42 27 66
2014 57 77 61 59 55 45 36 30 44 45 65
2015 40 57 58 54 51 47 48 39 51 55 42
2016 96 83 69 61 59 40 33 40 62 55 51
