1951 87 97 116 198 239 999 999 999 294 232 174
1952 52 64 136 197 246 999 999 999 293 236 141
1953 84 72 147 173 265 999 999 999 300 228 119
1954 72 118 117 204 207 999 999 999 307 247 159
1955 69 84 128 174 250 999 999 999 303 243 157
1956 53 86 143 151 243 999 999 999 305 244 157
1957 90 105 109 195 250 999 999 999 285 227 173
1958 77 109 98 174 222 999 999 999 321 248 161
1959 51 109 166 205 248 999 999 999 325 247 160
1960 71 76 128 172 241 999 999 999 301 244 165
1961 68 89 133 188 240 999 999 999 311 244 184
1962 85 75 91 211 255 999 999 999 302 226 149
1963 91 113 149 203 234 999 999 999 277 238 157
1964 94 83 135 202 263 999 999 999 289 236 163
1965 89 73 108 177 233 999 999 999 294 244 118
1966 64 68 117 176 251 999 999 999 280 270 128
1967 47 66 103 206 283 999 999 999 301 228 145
1968 81 115 137 215 273 999 999 999 297 214 177
1969 59 67 104 177 225 999 999 999 279 235 137
1970 94 81 87 203 278 999 999 999 297 224 151
1971 103 115 112 176 250 999 999 999 315 243 150
1972 98 113 154 208 241 999 999 999 316 223 151
1973 98 72 100 180 246 999 999 999 298 235 135
1974 112 99 117 193 239 999 999 999 307 217 135
1975 89 85 147 204 251 999 999 999 302 249 196
1976 71 108 112 178 244 999 999 999 304 216 135
1977 66 57 132 182 237 999 999 999 303 243 163
1978 43 56 129 186 256 999 999 999 297 227 160
1979 69 118 114 172 255 999 999 999 302 225 155
1980 82 64 102 164 237 999 999 999 285 218 162
1981 62 81 104 191 248 999 999 999 287 215 125
1982 81 97 122 228 256 999 999 999 297 236 164
1983 85 74 123 195 241 999 999 999 319 207 165
1984 95 76 108 200 253 999 999 999 285 214 142
1985 67 119 135 220 231 999 999 999 308 225 146
1986 61 91 137 182 239 999 999 999 312 214 140
1987 70 83 115 169 243 999 999 999 311 229 151
1988 68 75 127 214 233 999 999 999 322 230 150
1989 106 93 161 195 241 999 999 999 297 235 181
1990 69 155 136 207 237 999 999 999 308 267 190
1991 122 98 111 193 237 999 999 999 291 237 150
1992 70 83 128 191 252 999 999 999 290 232 140
1993 113 75 117 156 219 999 999 999 306 231 159
1994 54 89 125 166 234 999 999 999 313 240 182
1995 69 115 128 176 242 999 999 999 282 255 143
1996 66 76 110 168 248 999 999 999 300 226 139
1997 101 80 120 190 217 999 999 999 286 216 190
1998 70 79 131 209 278 999 999 999 295 258 133
1999 72 64 100 200 247 999 999 999 309 230 152
2000 118 37 87 196 275 999 999 999 335 221 143
2001 69 39 119 196 265 999 999 999 299 248 133
2002 103 121 102 215 246 999 999 999 307 236 136
2003 78 97 123 190 268 999 999 999 309 232 173
2004 98 79 130 160 250 999 999 999 323 243 176
2005 87 86 112 199 253 999 999 999 320 230 155
2006 90 87 116 186 272 999 999 999 324 248 155
2007 92 97 139 180 260 999 999 999 325 237 144
2008 57 77 194 224 265 999 999 999 299 238 154
2009 109 72 134 187 268 999 999 999 306 226 156
2010 81 90 112 170 277 999 999 999 301 246 166
2011 64 113 103 190 226 999 999 999 292 241 170
2012 87 57 110 195 266 999 999 999 324 237 168
2013 78 83 99 177 275 999 999 999 305 244 168
2014 65 121 120 172 274 999 999 999 305 236 176
2015 113 141 159 197 229 999 999 999 320 221 142
2016 73 79 150 177 263 999 999 999 292 195 140
