1951 2 3 4 3 3 999 999 999 3 2 3
1952 4 1 4 2 5 999 999 999 2 3 3
1953 4 2 3 2 3 999 999 999 3 2 2
1954 3 4 4 4 4 999 999 999 3 3 3
1955 3 4 4 3 3 999 999 999 3 3 3
1956 3 3 2 4 3 999 999 999 2 5 4
1957 4 2 4 2 3 999 999 999 3 4 4
1958 4 2 3 3 3 999 999 999 3 4 2
1959 3 2 3 3 3 999 999 999 2 3 3
1960 3 2 4 2 3 999 999 999 4 3 2
1961 4 2 4 3 3 999 999 999 2 3 4
1962 2 2 3 3 4 999 999 999 3 2 4
1963 3 3 4 3 2 999 999 999 3 4 3
1964 3 2 1 3 3 999 999 999 3 3 2
1965 1 3 2 4 2 999 999 999 2 4 4
1966 2 3 2 3 3 999 999 999 2 3 5
1967 3 2 4 3 2 999 999 999 3 2 3
1968 3 2 3 3 2 999 999 999 2 2 3
1969 3 2 3 3 4 999 999 999 2 2 3
1970 3 4 3 3 4 999 999 999 2 2 3
1971 2 3 3 3 3 999 999 999 3 2 3
1972 2 3 3 2 2 999 999 999 2 5 3
1973 2 4 2 3 4 999 999 999 1 3 4
1974 2 2 4 3 3 999 999 999 3 4 2
1975 2 2 3 3 4 999 999 999 1 4 3
1976 4 3 2 3 4 999 999 999 1 3 3
1977 3 2 4 3 2 999 999 999 2 4 3
1978 4 2 3 1 5 999 999 999 2 2 3
1979 2 2 2 2 3 999 999 999 3 5 5
1980 4 0 3 3 3 999 999 999 3 3 2
1981 3 2 1 3 4 999 999 999 2 4 4
1982 4 1 3 4 3 999 999 999 1 2 4
1983 3 2 2 4 1 999 999 999 1 4 4
1984 3 1 1 3 1 999 999 999 2 4 4
1985 3 2 2 4 4 999 999 999 3 3 3
1986 3 2 2 2 2 999 999 999 3 3 3
1987 4 4 6 3 3 999 999 999 3 4 3
1988 4 3 1 3 2 999 999 999 0 2 3
1989 2 1 2 3 1 999 999 999 3 2 4
1990 4 1 2 3 3 999 999 999 3 2 4
1991 0 4 3 3 2 999 999 999 0 2 2
1992 1 2 1 2 1 999 999 999 3 2 4
1993 2 2 2 3 2 999 999 999 3 4 3
1994 2 3 3 1 3 999 999 999 2 2 2
1995 2 0 3 2 4 999 999 999 3 3 4
1996 4 1 3 2 1 999 999 999 2 4 3
1997 3 2 2 1 2 999 999 999 2 3 4
1998 3 1 3 3 4 999 999 999 2 3 1
1999 2 2 3 4 3 999 999 999 1 4 2
2000 4 0 1 3 4 999 999 999 2 2 3
2001 3 2 5 3 2 999 999 999 1 1 3
2002 3 1 3 4 0 999 999 999 4 3 5
2003 2 3 3 4 2 999 999 999 2 2 4
2004 2 3 4 5 3 999 999 999 3 3 4
2005 1 2 2 3 3 999 999 999 3 4 2
2006 2 3 1 2 2 999 999 999 3 3 4
2007 0 3 2 3 5 999 999 999 1 2 2
2008 1 1 4 2 2 999 999 999 1 2 3
2009 1 2 5 3 3 999 999 999 2 3 4
2010 3 3 4 5 2 999 999 999 2 3 3
2011 1 2 2 3 3 999 999 999 3 2 3
2012 2 3 3 3 3 999 999 999 2 3 3
2013 1 2 4 3 4 999 999 999 1 1 3
2014 1 3 1 4 3 999 999 999 1 3 4
2015 2 3 4 3 2 999 999 999 1 5 3
2016 4 2 1 2 3 999 999 999 2 4 3
