1951 599 599 559 929 1085 1006 615 610 831 516 524
1952 407 227 220 291 234 364 393 549 282 238 221
1953 265 39 100 278 125 218 86 235 193 82 16
1954 2 5 109 18 8 2 48 84 15 70 92
1955 231 208 49 113 289 317 267 407 427 585 892
1956 736 1240 1184 1107 1366 1166 1291 1696 1732 1553 2013
1957 1650 1302 1574 1752 1646 2007 1872 1580 2358 2538 2109
1958 2025 1649 1907 1960 1753 1715 1914 2002 2012 1815 1523
1959 2174 1431 1857 1633 1720 1687 1496 1996 1452 1114 1240
1960 1463 1060 1022 1220 1196 1102 1217 1341 1272 828 896
1961 579 461 530 614 510 774 702 559 636 377 326
1962 387 503 456 464 437 420 218 218 513 395 269
1963 198 244 171 293 430 359 196 332 388 353 234
1964 153 177 165 86 95 91 31 93 47 61 74
1965 175 142 117 68 241 159 119 89 168 201 158
1966 282 244 253 487 453 477 567 512 502 572 572
1967 1109 936 1118 695 865 673 915 1072 768 882 943
1968 1218 1119 922 812 1272 1103 961 1093 1172 1077 860
1969 1044 1205 1358 1068 1200 1060 968 980 913 957 935
1970 1115 1278 1029 1095 1275 1068 1125 930 995 866 952
1971 913 790 607 718 575 498 810 614 502 517 632
1972 615 884 801 632 805 880 765 768 640 613 416
1973 434 429 460 577 424 395 231 256 593 307 239
1974 276 260 213 403 395 360 550 336 402 471 250
1975 189 115 115 51 90 114 282 397 139 91 194
1976 81 43 219 188 124 122 19 164 135 206 52
1977 164 226 69 133 190 360 214 327 437 479 303
1978 572 946 805 1131 884 1046 736 640 1420 1167 942
1979 1685 1362 1332 1034 1345 1301 1422 1309 1710 1830 1771
1980 1463 1352 1243 1398 1676 1553 1337 1275 1448 1627 1507
1981 1159 1425 1537 1714 1545 1060 1612 1754 1819 1682 1500
1982 1225 1703 1721 1440 974 1383 1179 1356 1335 1195 1145
1983 886 598 669 731 981 981 786 765 520 525 318
1984 552 758 864 679 742 467 417 269 218 100 173
1985 125 156 125 171 228 187 306 121 41 156 146
1986 29 195 121 177 142 17 148 80 31 308 116
1987 77 19 124 335 305 159 293 353 318 543 419
1988 548 346 660 816 670 1006 1088 1059 1257 1242 1173
1989 1645 1519 1323 1301 1616 2153 1453 1846 2049 1814 1873
1990 1811 1259 1462 1509 1441 1283 1551 2075 1431 1496 1335
1991 1502 1713 1884 1595 1379 1620 1842 1878 1369 1732 1385
1992 1540 1809 1206 1183 820 753 907 692 765 1006 970
1993 636 950 850 750 563 507 642 448 265 597 352
1994 732 443 376 277 265 269 388 250 287 464 234
1995 263 349 364 206 174 183 184 166 138 214 121
1996 104 68 86 63 74 104 71 157 34 23 174
1997 69 86 93 176 198 151 124 265 469 248 390
1998 382 388 619 570 636 724 715 984 984 594 819
1999 723 880 870 767 1133 1541 1296 1172 806 1353 1464
2000 1105 1283 1698 1467 1249 1406 1846 1305 1288 1104 1153
2001 1200 930 1332 1238 992 1297 892 1160 1612 1382 1263
2002 1407 1290 1070 1392 1379 942 1072 1108 1332 1159 1017
2003 795 462 615 600 552 774 850 727 488 656 672
2004 372 460 489 393 415 432 510 409 277 484 473
2005 313 291 248 244 426 396 399 364 221 85 180
2006 154 47 108 302 222 139 122 129 145 104 215
2007 169 106 48 37 117 120 100 62 24 9 17
2008 34 21 93 29 29 31 5 5 11 29 41
2009 15 14 7 12 29 26 35 0 42 46 42
2010 131 186 154 79 88 135 161 196 252 235 46
2011 190 294 562 544 416 370 439 506 780 880 967
2012 583 331 642 552 690 645 665 631 615 533 614
2013 629 380 579 724 787 525 570 660 369 856 776
2014 820 1028 922 847 752 710 725 747 876 606 701
2015 670 448 384 544 588 683 664 646 781 617 632
2016 566 572 549 380 521 209 325 507 447 336 214
