1951 13 5 -7 -9 -12 -5 -15 -8 -13 -15 -10
1952 -9 -9 0 -6 6 7 5 -4 -3 1 -3
1953 1 -8 -8 -2 -25 -4 -1 -21 -15 -2 -4
1954 5 -6 -3 3 1 -4 3 10 2 1 2
1955 -7 14 1 -7 8 14 18 15 15 16 14
1956 11 12 9 9 13 11 11 11 1 20 1
1957 4 -4 -4 1 -11 -3 1 -12 -11 -1 -13
1958 -18 -8 -3 1 -13 -2 3 8 -4 -4 -7
1959 -9 -16 9 5 2 -7 -5 -7 0 4 10
1960 0 -2 6 7 2 -4 4 6 8 -1 6
1961 -4 6 -27 10 2 -4 -1 -3 0 -8 7
1962 17 -6 -5 0 11 5 -1 3 5 9 2
1963 8 3 7 7 0 -13 -3 -5 -7 -17 -10
1964 -5 -3 7 4 3 6 5 15 15 13 0
1965 -5 1 3 -8 -1 -13 -23 -14 -16 -12 -19
1966 -13 -5 -17 -6 -6 0 -1 3 -3 -3 -1
1967 14 13 8 -1 -4 5 0 5 5 -2 -7
1968 4 9 -5 -3 12 12 7 -2 -3 -3 -4
1969 -14 -9 -1 -6 -8 -2 -8 -7 -11 -15 -1
1970 -12 -13 1 -4 1 10 -6 3 13 8 19
1971 2 15 21 22 9 2 1 15 16 19 6
1972 3 7 1 -3 -21 -15 -20 -12 -16 -12 -4
1973 -4 -16 -1 -3 3 11 6 13 14 9 31
1974 21 16 22 11 13 1 12 6 13 8 -5
1975 -6 5 12 12 5 15 21 22 23 18 13
1976 11 13 14 2 6 -1 -14 -16 -14 1 8
1977 -4 8 -13 -10 -11 -20 -16 -15 -10 -15 -16
1978 -5 -28 -9 -7 13 3 5 1 1 -8 -3
1979 -4 6 -5 -5 5 5 14 -8 1 -4 -7
1980 3 0 -11 -13 -3 -6 -2 -1 -6 -3 -5
1981 3 -5 -21 -5 8 14 8 4 6 -8 1
1982 8 0 1 -1 -6 -22 -20 -29 -23 -23 -33
1983 -33 -37 -34 -17 9 -4 -8 -2 10 4 -1
1984 0 5 -9 4 0 -11 0 1 2 -7 3
1985 -5 6 -4 12 -2 -12 -3 8 0 -8 -4
1986 8 -13 -1 1 -6 9 2 -9 -6 6 -17
1987 -7 -15 -21 -22 -20 -24 -20 -18 -12 -7 -3
1988 -3 -7 1 -2 11 -4 11 15 20 14 22
1989 13 9 7 17 14 7 9 -9 6 6 -4
1990 -2 -19 -11 0 13 -2 5 -5 -8 1 -5
1991 5 1 -14 -14 -17 -7 -1 -11 -18 -16 -8
1992 -28 -11 -30 -17 1 -16 -7 0 1 -22 -11
1993 -9 -10 -12 -19 -10 -18 -12 -11 -7 -16 -2
1994 -3 -1 -14 -22 -12 -13 -18 -22 -19 -16 -8
1995 -6 -4 1 -15 -11 -4 4 -1 4 -1 -1
1996 8 -1 3 6 5 13 7 6 8 4 -3
1997 1 13 -12 -14 -23 -27 -11 -24 -18 -17 -15
1998 -25 -22 -36 -27 -2 8 14 9 13 10 10
1999 14 8 6 17 4 -2 4 -2 -1 10 6
2000 3 13 10 14 5 -8 -5 4 10 9 20
2001 7 12 4 -2 -8 -4 -4 -11 1 -5 7
2002 2 7 -9 -4 -16 -10 -8 -18 -8 -9 -6
2003 -1 -6 -3 -1 -5 -10 -1 -5 -5 -6 4
2004 -11 5 -3 -13 5 -15 -7 -6 -3 -1 -7
2005 3 -24 3 -6 -11 4 0 -5 4 14 -3
2006 13 1 13 10 -7 -5 -8 -13 -4 -13 2
2007 -8 -1 1 -1 -3 6 -5 3 2 8 8
2008 13 19 14 6 -3 3 2 9 14 16 16
2009 9 14 2 12 -7 0 1 -3 3 -13 -6
2010 -8 -12 -7 14 8 3 18 18 24 19 16
2011 19 20 21 22 2 3 9 4 12 10 13
2012 10 3 3 -1 -3 -8 -1 -4 4 4 5
2013 0 -2 12 3 7 12 7 0 4 -1 9
2014 12 -1 -8 7 5 0 -3 -9 -6 -6 -7
2015 -7 -3 -7 1 -10 -9 -13 -17 -16 -17 -4
2016 -17 -16 -1 -13 2 6 6 5 14 -3 1
