1951 0 0 1 2 1 2 2 3 2 4 1
1952 0 0 0 0 0 4 3 5 5 6 3
1953 0 1 0 0 1 3 2 6 3 4 4
1954 0 0 1 0 1 0 1 6 6 4 3
1955 1 1 1 1 0 2 6 7 3 4 1
1956 0 0 1 2 0 2 3 5 5 1 3
1957 2 0 0 1 1 1 1 4 5 4 3
1958 1 0 0 1 2 3 7 5 6 3 3
1959 0 1 1 1 0 0 2 6 4 4 3
1960 0 0 0 1 1 3 3 11 5 4 1
1961 1 0 1 0 3 3 5 6 6 5 2
1962 0 1 0 1 2 0 6 8 4 5 3
1963 0 0 0 1 0 4 5 3 5 4 0
1964 0 0 0 0 2 2 7 6 7 6 5
1965 2 1 1 1 3 2 5 6 7 2 2
1966 0 0 0 1 2 1 4 10 9 5 2
1967 0 1 2 1 1 1 8 9 9 4 3
1968 0 1 0 1 1 2 3 8 3 6 4
1969 1 0 1 1 0 0 3 4 5 3 3
1970 0 1 0 0 0 3 4 6 4 5 4
1971 1 0 1 3 4 2 8 5 6 4 2
1972 1 0 0 0 1 3 7 5 6 3 3
1973 0 0 0 0 0 0 7 7 2 4 3
1974 1 0 1 1 1 4 5 9 5 4 4
1975 1 0 0 0 0 0 2 6 5 5 3
1976 1 1 0 2 2 2 4 4 5 1 1
1977 0 0 1 0 0 1 4 3 5 5 1
1978 1 0 0 1 0 3 4 8 5 4 4
1979 1 0 1 1 2 0 4 2 6 3 2
1980 0 0 0 1 4 1 5 3 6 4 1
1981 0 0 1 1 1 3 4 7 4 2 3
1982 0 0 3 0 1 3 4 5 5 3 1
1983 0 0 0 0 0 1 3 4 3 5 5
1984 0 0 0 0 0 2 5 5 3 7 3
1985 2 0 0 1 1 3 1 9 5 4 1
1986 0 1 0 1 2 2 4 5 3 5 4
1987 1 0 0 1 0 2 4 4 6 2 3
1988 1 0 0 0 1 2 2 5 8 5 2
1989 1 0 0 1 2 2 7 6 5 5 2
1990 1 0 0 1 1 3 4 6 5 4 4
1991 0 0 2 1 1 1 4 5 6 3 6
1992 1 1 0 0 0 2 4 8 5 7 3
1993 0 0 1 0 0 1 4 7 5 5 2
1994 0 0 0 1 1 2 8 9 8 6 0
1995 0 0 0 1 0 1 2 6 5 6 1
1996 0 0 0 1 2 0 5 6 6 2 2
1997 0 0 0 1 2 3 4 6 4 3 2
1998 0 0 0 0 0 0 1 3 4 2 3
1999 0 0 0 2 0 1 3 5 6 2 1
2000 0 0 0 0 2 0 5 6 5 3 2
2001 0 0 0 0 1 2 5 6 5 3 1
2002 1 1 0 0 1 3 5 6 4 2 2
2003 1 0 0 1 2 2 2 5 3 3 2
2004 0 0 0 1 2 5 3 8 3 3 3
2005 1 0 1 1 0 1 5 5 5 2 2
2006 0 0 0 0 1 1 3 7 4 4 2
2007 0 0 0 1 1 0 3 5 5 6 4
2008 0 0 0 1 4 1 2 4 5 1 3
2009 0 0 0 0 2 2 3 5 7 3 1
2010 0 0 1 0 0 0 2 5 4 2 0
2011 0 0 0 0 2 3 4 3 7 1 0
2012 0 0 1 0 1 4 4 5 3 5 1
2013 1 1 0 0 0 4 3 6 8 6 2
2014 2 1 0 2 0 2 5 1 5 2 1
2015 1 1 1 2 2 2 4 3 5 4 1
2016 0 0 0 0 0 0 4 7 7 4 3
