1951 0 0 1 3 1 0 1 0 0 0 0
1952 3 0 0 1 2 0 0 0 0 0 0
1953 1 0 0 5 5 3 2 0 1 6 5
1954 0 0 1 7 6 5 4 0 0 5 3
1955 2 1 5 2 7 2 0 0 3 1 1
1956 0 1 3 5 4 3 0 0 0 3 2
1957 0 0 0 2 0 1 1 0 0 1 0
1958 3 0 5 7 3 0 0 1 0 3 1
1959 5 2 1 3 4 4 1 0 0 3 2
1960 1 0 0 2 3 0 2 0 1 3 5
1961 2 0 3 4 5 1 0 0 0 2 4
1962 0 2 0 2 4 2 0 1 2 3 4
1963 0 0 0 4 5 0 0 2 3 3 4
1964 1 1 1 3 1 2 1 0 1 2 0
1965 0 0 1 1 1 0 0 1 2 5 3
1966 2 1 0 1 1 3 0 1 0 5 3
1967 0 0 0 0 1 0 0 0 0 0 0
1968 0 0 0 0 0 0 0 0 0 1 3
1969 0 1 5 6 6 3 0 0 0 1 1
1970 0 1 1 2 4 1 0 0 0 1 1
1971 0 0 0 0 0 1 0 0 0 0 0
1972 0 0 0 3 0 0 0 0 1 5 5
1973 3 6 5 6 6 2 0 0 2 0 0
1974 0 0 0 0 0 0 0 0 1 0 1
1975 0 0 0 1 2 0 0 0 0 0 0
1976 0 0 0 1 0 0 0 0 0 3 0
1977 0 1 7 5 6 3 0 0 0 6 0
1978 3 4 5 4 5 1 0 0 0 0 1
1979 5 4 5 5 5 4 2 0 3 2 2
1980 1 2 4 7 7 4 1 2 0 5 2
1981 0 3 4 6 5 0 0 0 2 4 4
1982 0 2 3 3 7 3 0 0 2 5 4
1983 4 5 5 7 7 8 6 5 7 5 4
1984 0 1 4 5 4 0 0 0 3 2 1
1985 0 0 4 0 4 0 0 0 0 2 3
1986 2 0 1 6 0 0 0 0 0 4 1
1987 5 5 5 7 8 6 2 5 7 9 7
1988 4 2 4 5 6 3 4 2 3 2 4
1989 0 0 0 1 1 3 3 0 1 4 3
1990 0 2 3 3 2 0 1 1 1 4 4
1991 1 2 4 6 6 1 3 0 0 1 4
1992 1 1 6 5 4 1 3 0 2 2 0
1993 0 0 3 6 7 6 3 2 2 6 3
1994 0 4 5 6 8 3 2 6 5 7 8
1995 6 5 5 8 7 8 6 8 9 9 8
1996 0 0 1 1 5 7 2 3 1 6 1
1997 0 0 0 0 0 1 2 3 10 10 8
1998 6 5 7 7 8 9 9 12 9 8 4
1999 0 2 0 0 1 0 0 0 1 6 3
2000 0 0 0 2 1 1 0 0 0 2 1
2001 0 0 0 6 4 0 1 1 2 6 0
2002 4 5 5 4 4 3 1 0 2 6 7
2003 5 3 3 6 7 1 6 5 5 6 7
2004 1 2 4 5 5 0 0 0 6 5 4
2005 3 5 5 7 7 3 3 0 7 8 5
2006 2 4 0 4 7 4 1 4 5 10 4
2007 5 2 3 5 6 3 4 1 0 4 0
2008 0 0 0 1 0 0 0 1 4 10 5
2009 0 0 2 2 0 1 2 6 6 6 5
2010 3 5 6 8 8 8 10 8 8 1 0
2011 0 0 0 2 1 2 0 0 1 1 1
2012 0 0 0 2 0 0 0 0 2 2 3
2013 2 3 3 2 3 0 1 1 2 1 2
2014 0 0 4 3 6 1 1 1 4 3 3
2015 0 0 6 2 7 4 0 0 6 9 8
2016 5 5 5 6 7 7 4 5 3 2 5
