 0
-0.004152271
0.00996244
-0.2619135
-0.09450505
-0.1353313
-0.01745761
0.0221992
-0.3254778
-0.04953647
0.2507384
0.2095492
0.1949488
0.2853362
-0.01917803
-0.00119451
-0.3401105
0.146185
-0.1088935
-0.5047057
-0.05999193
-0.02317117
-0.06157081
-0.2950306
0.08216991
-0.05025228
-0.1345791
0.139227
-0.2589234
0.1531231
0.2094861
0.2088663
0.0787466
0.2962299
0.110178
-0.0725963
0.1173581
-0.06989633
-0.1512571
-0.1390968
-0.1832287
-0.1351436
-0.4127036
-0.1266314
-0.3372017
-0.2004764
-0.1585664
-0.1440522
-0.12256
