 0
7.916242e-08
-2.980232e-07
1.490116e-07
-6.54906e-06
-9.462237e-06
-1.203269e-05
-1.607649e-05
-4.36902e-05
-5.137548e-05
-6.41942e-05
-6.514788e-05
-6.66827e-05
-1.779199e-05
-1.442805e-05
-8.389016e-05
-8.314848e-05
-7.733703e-05
-7.289648e-05
-6.198883e-05
-4.091114e-05
-5.485304e-05
-5.681813e-05
-0.0001323223
-8.668751e-05
-5.284697e-05
-0.0001205206
-0.0001469702
-0.000149399
-0.0001075119
-0.0001085997
-9.582937e-05
-0.0001028031
-4.819036e-05
-6.630272e-05
-1.67042e-05
-7.044524e-05
-3.875047e-05
-3.905594e-05
-2.357364e-05
-7.152557e-06
-1.470745e-05
-1.448393e-05
-2.558529e-05
-2.232194e-05
-2.075732e-05
-2.618134e-05
-1.341105e-05
-1.816452e-05
